920 2554
448 673
267 39
806 605
624 317
441 280
133 562
364 701
805 865
440 736
846 40
176 677
831 512
382 475
704 688
815 114
194 399
567 749
566 415
699 352
278 152
10 423
800 558
858 284
644 793
147 215
461 297
905 312
160 828
766 123
182 866
864 532
295 716
703 622
406 175
48 609
175 614
251 401
489 382
218 714
807 534
22 511
354 337
210 119
543 390
29 274
896 532
586 679
860 266
510 194
701 96
221 327
84 425
636 238
525 776
450 687
877 713
894 761
332 194
242 409
65 12
394 806
570 613
71 900
350 63
298 65
492 794
583 87
342 579
808 782
80 734
483 385
752 32
278 732
21 369
153 502
333 70
909 76
71 765
87 240
163 374
625 391
870 656
349 714
165 61
724 61
710 439
752 377
240 408
256 770
405 825
728 807
837 139
143 543
560 798
583 60
520 531
740 44
210 105
429 830
8 763
289 500
805 638
510 641
6 486
870 92
504 880
682 297
237 721
228 414
261 918
465 635
527 305
160 833
675 47
435 627
315 716
743 249
179 131
898 910
94 111
875 862
53 791
828 712
150 292
501 831
447 855
263 913
785 763
358 33
661 782
174 124
547 458
620 236
587 611
914 615
494 367
193 702
657 196
749 429
272 752
772 565
185 177
274 857
297 309
153 88
407 599
212 64
89 192
108 292
94 798
202 567
684 375
788 26
400 73
667 141
905 784
656 154
325 1
273 27
60 293
207 891
544 122
265 436
444 386
730 759
730 32
53 317
465 218
727 603
613 323
821 333
662 226
497 646
81 585
740 216
156 534
747 278
308 167
348 379
546 817
174 118
566 290
41 8
684 396
776 522
282 681
119 553
102 244
891 810
892 148
90 849
587 53
547 101
318 812
613 20
405 575
887 591
746 58
397 276
291 357
183 307
723 764
68 388
692 766
809 528
789 95
639 125
597 12
869 791
671 832
911 726
139 910
710 68
652 486
340 583
713 638
282 594
835 712
29 423
693 730
290 821
738 148
920 815
425 541
621 222
145 59
453 514
627 885
648 46
193 343
539 128
287 485
797 499
521 254
101 470
619 850
230 58
190 126
220 807
371 112
165 724
763 902
732 514
307 2
458 737
900 21
171 140
672 513
585 749
431 237
197 42
163 813
403 292
461 48
463 705
523 448
636 79
484 764
294 327
588 887
862 82
81 101
345 408
423 673
436 318
846 705
390 632
392 359
873 287
301 745
305 912
766 82
532 27
516 164
351 359
10 679
431 703
201 208
679 101
862 848
175 241
127 807
366 613
20 24
42 688
98 555
523 131
890 510
145 343
55 443
669 230
466 675
805 647
826 451
405 350
481 200
819 670
51 23
696 352
220 837
3 367
832 352
595 828
161 273
314 606
168 533
796 397
391 125
637 58
512 439
409 801
258 722
139 438
856 129
880 826
899 829
644 693
349 516
318 102
217 849
895 498
556 153
520 586
237 661
445 694
907 449
746 315
470 678
642 37
899 219
371 223
157 552
67 13
642 363
185 90
295 414
46 3
606 390
328 590
147 18
81 732
448 472
200 648
282 851
452 519
188 891
538 384
760 197
465 351
908 340
893 162
750 277
146 72
475 841
632 873
48 628
105 613
126 167
244 54
482 178
745 66
420 113
513 359
565 162
50 452
825 858
813 446
367 296
663 794
152 492
703 276
688 238
544 355
212 142
803 655
309 90
597 797
122 194
571 446
149 199
613 584
547 441
824 583
531 317
479 44
10 110
587 591
197 310
769 459
311 466
778 107
797 215
587 316
97 211
5 373
585 723
894 397
38 818
167 847
26 407
178 263
293 320
407 903
434 35
532 291
255 73
773 396
614 640
542 630
11 385
303 711
73 242
277 813
575 129
563 316
450 425
343 619
359 21
282 497
217 670
159 480
112 113
241 453
328 439
904 887
227 333
604 291
63 260
71 862
425 677
600 394
259 897
400 554
574 52
121 563
828 492
483 207
378 507
608 846
629 232
336 470
409 558
363 498
833 693
684 821
691 689
560 453
47 761
548 518
155 122
293 84
281 290
64 606
728 331
246 353
772 26
289 162
110 860
436 55
40 760
701 168
213 894
56 2
238 675
534 39
790 801
540 153
249 74
301 513
158 154
87 607
128 916
690 883
748 427
52 296
470 290
825 419
88 486
199 344
441 173
307 510
440 830
348 95
839 213
283 377
639 815
450 769
824 473
913 565
899 604
614 241
409 580
187 647
78 18
295 158
766 817
565 426
521 678
830 461
134 621
493 528
302 515
912 317
670 421
319 729
639 724
655 19
821 775
774 489
65 524
688 170
251 825
196 17
343 919
553 194
757 554
648 82
850 457
433 580
514 272
751 310
847 629
256 117
234 10
781 833
314 183
389 295
600 335
197 269
195 104
343 846
717 467
293 278
706 741
423 72
377 648
563 63
837 511
508 427
164 517
754 686
298 335
29 567
763 580
267 565
145 176
915 308
169 58
425 397
406 697
816 714
33 685
448 232
37 115
96 267
81 217
563 151
855 493
602 431
215 455
844 15
368 336
539 644
100 879
484 654
553 683
441 495
449 550
392 805
214 756
379 250
508 273
326 829
917 33
288 772
91 863
865 619
884 878
134 100
137 155
787 444
547 374
604 170
286 878
916 94
4 282
260 87
338 9
229 187
765 473
605 815
659 107
627 488
592 198
793 528
193 508
810 776
781 388
310 18
165 762
701 365
223 259
672 524
447 415
235 807
487 910
294 203
311 186
822 232
789 294
64 106
872 206
726 57
410 846
288 143
162 306
916 513
874 404
386 647
573 657
166 794
155 910
527 222
430 690
17 542
370 797
368 758
389 283
869 374
849 191
713 76
514 570
218 344
819 465
98 511
799 591
210 121
180 156
382 831
91 587
699 30
41 773
705 633
753 444
327 353
18 623
349 95
244 171
246 539
304 827
582 568
694 134
145 624
917 839
27 474
121 531
190 591
389 864
657 27
698 431
476 319
704 884
361 60
858 651
554 564
916 328
426 61
796 172
471 16
180 410
9 425
63 305
781 145
602 670
325 730
89 321
55 710
817 450
561 837
122 846
543 904
892 747
783 185
474 733
748 285
169 247
60 53
172 100
503 460
655 499
415 638
127 416
226 83
595 659
542 821
730 419
368 854
185 128
352 549
150 157
559 132
500 82
475 845
195 654
643 738
111 696
519 794
814 306
467 69
452 663
252 724
236 177
480 381
906 130
76 477
818 243
787 860
775 739
596 279
733 104
209 711
70 415
661 638
667 619
29 484
766 487
880 209
733 593
899 89
595 560
413 832
566 676
120 330
673 564
802 743
40 310
829 63
794 67
815 906
320 17
511 114
35 915
752 52
114 171
891 20
912 324
824 881
271 574
472 617
460 479
226 310
834 204
819 160
158 900
893 292
876 284
754 832
24 563
24 488
478 15
261 389
631 522
598 689
801 59
312 419
113 67
655 154
263 328
330 468
95 738
80 465
589 695
257 633
833 181
102 800
893 769
882 80
15 328
453 85
381 408
718 739
191 697
828 684
120 820
763 215
508 683
425 125
143 784
823 598
79 737
650 367
300 863
302 320
487 411
748 349
731 319
362 765
474 467
402 596
76 72
44 340
285 355
112 662
296 435
169 843
136 28
229 289
232 603
324 11
403 742
25 383
555 453
820 747
158 331
363 727
221 813
389 157
447 513
711 21
53 288
449 903
704 210
261 280
617 445
378 363
361 465
199 726
493 287
497 657
332 296
408 190
635 538
782 190
106 423
146 98
164 14
809 892
920 281
423 720
890 708
601 527
641 542
256 97
845 865
4 169
184 446
594 135
198 227
535 239
59 30
708 190
472 243
570 59
4 549
25 582
706 116
545 271
780 754
292 716
552 849
419 263
888 148
209 709
877 835
453 209
898 427
95 794
350 22
261 814
318 746
359 913
674 847
412 858
802 465
127 192
536 351
330 34
916 813
810 488
795 84
264 546
465 231
48 329
893 692
742 601
306 913
129 453
811 737
3 572
64 73
10 320
818 533
229 791
543 832
509 497
551 301
26 61
601 537
406 287
183 191
109 799
611 237
757 834
615 612
382 466
296 569
608 618
396 588
511 817
918 388
810 757
812 273
171 155
45 307
487 471
270 285
271 657
737 387
114 620
488 446
160 530
320 808
613 18
168 726
110 728
871 324
212 266
214 167
731 75
549 192
861 174
843 495
536 512
77 266
98 871
444 863
449 278
135 186
656 351
325 802
510 55
536 250
663 457
632 174
14 233
457 455
721 339
65 620
807 899
672 302
873 552
896 914
809 139
629 599
35 739
271 630
210 130
834 690
375 105
532 134
201 36
240 436
576 424
156 23
283 471
391 846
285 455
529 806
14 240
397 99
18 856
646 639
42 25
794 386
120 504
507 454
495 728
555 601
869 106
872 386
138 842
800 473
288 685
76 741
204 511
723 374
905 383
282 391
895 906
733 849
771 684
189 819
560 169
135 667
526 24
197 756
221 376
520 348
834 699
66 583
693 697
825 195
911 920
663 42
881 7
335 97
239 90
226 904
769 202
880 782
746 733
368 664
555 140
759 825
742 626
836 617
356 710
620 379
695 253
899 277
577 40
317 290
173 40
618 506
102 731
530 776
414 231
555 487
792 861
135 545
284 663
99 562
452 699
555 673
265 44
846 718
210 190
768 662
515 483
147 6
804 209
687 362
603 871
675 233
894 511
880 916
511 510
260 446
833 404
465 783
522 824
356 89
339 310
267 53
835 482
494 203
113 229
653 505
529 224
605 277
532 43
418 42
77 882
557 552
744 49
546 869
890 578
909 330
656 775
125 221
509 273
241 105
703 147
112 763
342 658
697 897
239 489
367 654
282 658
904 805
138 322
33 419
72 525
658 876
915 287
202 432
247 494
691 281
13 829
413 440
453 604
805 695
461 566
57 332
371 876
797 813
121 853
33 459
713 441
202 741
243 294
764 663
817 459
658 871
606 49
609 617
242 649
260 543
446 88
672 695
411 413
584 313
482 622
399 407
688 796
157 790
179 534
535 859
75 850
422 623
133 744
192 411
411 769
731 149
640 281
443 839
542 522
541 514
565 209
770 763
695 487
431 348
612 263
153 862
742 902
820 385
518 427
892 844
822 658
641 134
57 898
673 738
799 880
894 32
860 112
626 847
147 186
166 576
278 453
225 463
230 279
254 850
348 307
833 3
615 896
106 711
658 635
845 699
554 696
557 669
906 513
429 404
307 747
677 552
681 571
403 806
405 91
354 223
194 670
48 317
802 394
291 448
326 226
410 655
7 8
513 131
568 727
496 387
920 880
620 785
840 114
382 484
60 582
5 67
6 83
852 730
506 72
161 880
553 22
457 393
510 669
576 849
501 810
318 464
289 651
586 867
146 788
327 674
718 348
576 539
611 889
406 855
364 738
586 57
292 172
333 303
385 795
302 663
10 541
784 465
55 650
388 527
315 569
389 338
417 454
201 804
629 300
739 145
464 44
563 82
525 823
348 443
182 524
109 740
204 422
741 718
544 587
31 825
845 427
205 385
775 448
155 731
50 869
113 440
301 64
171 398
120 620
672 259
854 74
645 101
96 591
735 277
278 748
671 560
547 712
417 773
751 104
201 291
793 21
835 536
178 342
454 413
771 288
702 311
25 505
743 548
228 442
216 418
124 251
142 259
667 96
83 818
390 338
889 670
638 366
270 647
677 7
843 355
495 139
4 439
685 658
838 793
92 851
774 391
151 273
779 31
619 137
605 747
252 629
754 661
118 106
28 755
570 91
588 846
644 371
519 102
129 824
814 614
321 114
893 844
180 326
698 842
432 37
848 877
222 696
877 818
678 604
170 207
904 627
231 523
324 511
569 727
612 618
739 98
449 539
876 861
175 533
70 341
736 748
827 519
437 740
386 225
617 517
448 136
558 300
9 822
871 729
417 339
71 639
92 219
832 488
209 815
266 168
569 593
426 857
776 564
674 687
641 807
698 38
494 811
82 780
619 862
15 277
197 658
56 858
116 169
227 573
871 726
51 545
128 342
809 283
793 702
596 53
814 228
228 463
817 203
643 882
365 82
278 380
482 155
51 511
159 445
342 775
200 759
3 833
372 608
622 320
35 486
906 532
155 919
144 680
84 598
143 693
312 186
132 784
776 30
178 373
848 883
681 346
154 250
470 582
729 147
288 455
198 62
697 850
699 426
402 102
313 884
336 409
870 145
728 85
767 476
469 633
591 596
8 715
726 485
16 448
226 65
808 487
737 317
239 558
302 860
378 123
781 722
485 160
676 543
844 54
674 590
332 482
80 656
779 331
467 637
193 794
233 808
380 864
59 266
791 480
652 285
158 376
550 841
386 668
99 845
647 684
776 918
177 212
160 140
267 672
159 854
274 252
370 136
649 915
707 795
463 378
854 606
472 370
254 85
847 224
649 41
551 821
432 117
799 58
163 231
650 767
760 734
823 69
252 394
97 37
66 450
800 169
213 844
858 38
605 133
18 810
238 267
475 87
440 243
77 706
244 630
798 233
280 865
561 432
355 113
66 315
404 597
298 275
797 707
532 51
857 510
360 802
610 372
224 748
409 416
706 342
435 372
737 127
42 863
907 96
727 75
823 105
854 827
534 553
705 263
800 509
410 344
880 625
552 707
26 384
316 279
231 900
603 231
363 634
34 694
56 98
644 418
386 325
797 843
262 432
106 613
364 864
897 314
220 663
498 578
495 864
668 168
286 752
753 461
537 393
814 863
232 503
1 597
143 671
660 555
369 920
119 731
864 859
572 516
704 207
52 472
893 192
196 830
329 203
545 735
105 314
841 352
111 244
171 67
816 247
248 356
31 758
565 330
18 584
257 768
292 628
79 430
833 916
902 659
153 525
743 805
688 597
609 704
548 95
554 418
115 786
114 822
368 719
792 183
300 128
428 77
412 508
896 850
536 99
200 205
541 644
899 493
673 158
621 885
158 909
73 814
684 608
192 370
304 727
530 93
714 782
235 308
162 67
97 768
132 180
670 332
177 115
680 342
916 591
51 758
400 403
491 153
254 647
845 32
439 409
96 545
765 911
816 810
798 277
251 306
551 583
753 916
737 357
105 523
244 553
464 340
838 271
88 394
604 568
823 164
843 231
256 27
3 886
354 818
713 605
168 152
860 833
365 157
199 512
131 519
299 108
541 741
723 659
672 801
893 785
178 461
198 882
660 35
75 8
458 144
4 719
195 233
584 349
178 348
217 788
623 595
55 166
457 147
225 159
760 638
637 594
378 257
303 564
605 244
185 761
737 515
166 852
356 412
887 719
528 692
449 42
448 597
734 70
476 370
612 348
747 670
245 59
145 632
842 47
473 640
544 782
528 909
308 351
515 288
108 514
290 38
398 831
670 279
464 253
104 233
286 497
307 451
20 114
59 732
522 873
63 188
194 829
267 484
362 465
401 637
629 317
374 680
451 208
189 7
755 830
3 248
167 35
305 573
146 913
844 338
242 806
746 797
268 278
401 296
40 258
700 272
899 524
446 328
658 198
740 398
859 388
152 288
138 744
802 422
34 339
93 201
386 235
80 407
443 429
138 814
880 855
342 523
152 701
145 656
774 270
359 897
654 563
288 435
364 230
616 519
817 442
837 508
877 522
399 236
517 4
369 649
81 828
351 521
651 360
656 893
290 446
267 99
884 755
920 812
496 613
499 202
618 124
875 461
858 120
569 592
291 620
219 693
334 327
63 655
748 228
145 538
88 781
534 641
918 255
576 450
173 76
782 240
329 131
920 633
462 227
461 284
214 523
848 575
547 490
575 105
285 714
681 336
520 594
773 437
239 471
719 482
611 173
867 714
427 681
320 82
786 573
751 39
296 390
116 177
233 123
404 94
795 678
353 562
500 202
235 792
586 512
128 104
700 678
827 278
562 204
856 551
212 504
195 663
16 701
517 531
485 478
709 243
749 779
291 399
312 776
298 121
675 734
840 212
434 902
59 357
418 515
649 792
178 800
904 742
532 150
88 830
659 196
204 71
11 855
378 318
180 691
346 167
666 748
315 608
607 303
476 701
285 599
392 274
854 235
124 666
895 96
552 154
478 720
438 867
729 550
179 251
738 857
298 247
7 267
670 824
213 504
527 849
803 401
403 336
469 223
324 761
127 471
787 182
809 786
378 75
313 136
533 859
776 506
118 867
580 170
737 683
458 518
624 307
18 350
240 103
354 797
297 699
100 755
85 667
876 12
508 22
183 67
756 135
27 325
526 809
122 262
223 807
227 394
581 370
563 590
106 786
13 454
108 562
416 843
181 906
720 180
95 131
225 555
619 80
251 535
485 144
238 275
610 373
598 786
730 683
161 295
324 789
788 530
494 413
528 191
914 46
478 737
511 177
403 24
436 539
73 826
133 491
889 517
874 845
174 178
638 904
772 182
562 235
28 326
395 589
470 889
171 713
364 302
75 805
794 502
317 437
889 812
191 460
111 324
696 34
330 800
387 187
905 314
615 195
820 387
769 45
643 65
516 814
167 850
24 484
321 860
639 3
717 662
385 792
906 81
854 635
782 791
528 787
174 407
107 395
518 93
832 110
597 283
431 833
676 183
802 163
61 655
45 363
268 372
287 103
59 236
22 464
544 203
567 737
221 421
459 486
439 217
481 597
603 632
643 62
350 89
139 705
720 587
573 733
25 863
170 775
689 448
585 681
53 292
58 811
863 279
384 575
370 223
84 251
139 173
508 388
753 764
590 72
467 98
141 221
348 807
824 123
579 79
563 265
914 622
118 7
265 607
655 147
91 918
779 894
523 517
49 32
657 94
821 739
135 916
184 728
187 190
669 313
770 774
736 85
573 638
152 134
228 913
85 419
340 330
199 351
826 816
24 448
905 423
283 570
620 769
569 95
529 824
13 616
805 215
220 6
207 205
21 218
254 694
186 686
478 95
887 417
116 323
379 540
292 263
872 822
724 628
393 822
379 48
91 49
681 49
154 780
300 213
325 234
423 39
868 379
429 188
547 188
694 870
291 656
81 293
598 183
270 901
656 809
270 281
757 9
872 829
136 274
56 838
656 755
137 290
653 900
469 611
736 582
537 462
168 18
99 231
171 15
573 222
573 649
379 309
265 746
527 701
587 532
288 778
244 251
355 517
193 344
146 536
115 389
334 571
228 599
210 70
652 49
323 176
749 724
677 55
163 539
38 613
757 308
112 575
891 405
413 479
566 143
513 817
733 352
833 71
376 459
513 255
895 476
538 858
208 329
44 410
46 621
547 373
32 849
731 167
287 653
182 711
583 278
65 287
640 783
769 311
609 397
424 467
833 612
236 234
245 399
427 292
453 256
286 20
549 327
312 36
75 704
26 798
29 153
240 262
421 727
558 94
689 522
618 262
108 598
674 689
612 376
725 583
392 357
563 794
412 220
626 707
310 22
206 536
251 484
777 796
219 479
36 149
222 39
222 632
777 231
13 557
819 710
452 552
324 818
552 512
793 285
596 359
309 705
765 494
838 492
492 534
823 754
772 608
312 777
114 224
367 822
6 871
856 326
796 90
565 621
382 577
438 727
120 410
563 238
361 285
72 691
343 192
770 25
849 624
403 769
72 514
235 389
697 306
511 846
191 399
857 52
859 808
469 753
697 675
495 625
417 238
220 277
403 482
100 355
840 485
71 643
112 171
555 465
495 664
115 819
848 767
207 729
447 773
87 212
577 320
501 597
31 875
570 666
87 888
423 312
154 162
818 253
33 137
804 611
165 412
274 702
132 235
201 625
578 423
269 430
415 659
142 505
784 183
186 840
669 322
559 458
728 503
800 393
219 477
136 460
537 763
149 176
542 902
321 286
694 729
584 64
540 155
442 695
296 726
186 904
875 311
658 211
760 111
670 44
376 648
285 82
475 844
132 443
443 525
462 634
87 347
469 652
537 55
792 297
350 76
647 661
720 886
495 274
17 766
622 760
823 777
917 862
93 620
296 136
541 35
635 383
26 802
658 108
487 820
733 572
304 514
432 28
509 589
223 788
132 256
775 328
709 137
231 46
415 299
881 170
32 804
406 816
279 404
284 404
506 875
533 625
113 571
294 229
758 451
354 336
303 281
252 375
161 891
313 493
462 96
338 393
509 34
216 683
918 482
498 268
82 463
543 677
68 433
695 163
328 616
522 343
134 474
241 679
483 85
157 662
720 371
374 707
620 110
255 883
787 218
509 607
648 180
230 763
284 910
800 95
340 136
26 667
682 834
740 745
561 583
378 611
197 237
117 184
682 664
863 237
171 230
196 153
601 406
640 854
606 730
493 290
476 382
60 560
208 158
917 436
450 672
767 406
503 5
242 117
336 550
158 335
489 372
108 475
423 466
506 900
158 5
571 642
271 229
609 254
330 457
132 608
577 600
89 870
130 503
896 137
79 776
592 431
308 851
766 7
435 21
453 414
273 485
76 719
846 848
762 253
748 678
623 605
510 31
815 624
190 696
234 414
521 836
71 698
26 675
445 764
482 289
743 441
433 867
604 270
159 610
913 567
40 539
283 276
470 603
229 477
739 232
835 198
252 460
15 464
145 81
535 783
385 707
758 439
633 17
500 419
231 269
857 130
115 835
771 858
98 450
154 411
629 886
134 159
284 867
92 710
374 787
12 895
126 842
151 274
881 317
845 346
738 372
719 778
300 754
469 70
64 650
326 26
751 848
864 450
202 681
646 292
171 554
770 426
130 919
902 248
724 488
211 714
179 510
586 898
309 729
145 840
555 164
761 562
614 800
717 604
531 847
515 92
700 667
173 629
103 590
694 482
328 864
184 518
919 573
97 494
13 914
325 219
215 556
69 794
789 135
739 142
479 395
467 433
263 559
242 571
27 159
68 95
556 769
153 593
636 55
296 442
241 835
439 303
77 691
322 713
431 593
250 719
200 397
596 154
646 417
905 233
212 864
49 258
892 820
487 575
884 177
408 607
154 565
869 905
53 604
112 509
591 298
24 36
343 646
59 384
167 302
667 65
580 806
86 218
517 116
276 316
739 188
650 705
309 305
54 418
224 303
632 81
744 192
616 789
670 701
583 900
858 72
22 449
78 599
488 515
470 269
897 791
883 839
718 505
5 408
559 92
263 62
105 676
417 394
343 187
245 495
751 226
48 767
33 13
838 569
381 896
684 914
149 164
467 800
268 791
450 405
278 541
499 285
68 529
135 294
354 660
604 181
346 798
2 908
242 521
122 624
743 829
688 525
148 277
585 198
646 394
706 417
725 387
860 477
840 520
751 489
700 711
705 418
543 616
639 466
661 509
59 237
295 196
725 65
9 561
484 131
356 856
733 101
111 689
848 171
313 907
631 208
474 735
862 465
102 346
528 269
54 537
777 323
240 558
562 541
204 572
155 669
109 46
114 187
319 397
142 836
537 321
518 110
41 717
561 395
873 500
782 697
245 797
611 18
260 675
357 609
395 140
144 396
894 914
725 516
334 435
779 169
11 259
912 316
877 582
808 680
294 524
101 802
672 151