1000 9900
90 187
255 839
590 196
649 278
81 468
156 290
16 400
894 719
60 710
846 925
977 786
869 260
372 876
583 538
341 219
712 449
414 521
881 510
555 125
425 336
373 554
467 685
998 891
86 129
844 85
771 856
151 991
708 810
405 258
123 396
913 340
397 379
588 82
978 882
423 555
961 64
156 998
322 410
985 74
716 238
807 171
616 426
585 701
13 188
485 975
292 373
368 211
757 871
992 947
830 973
979 405
569 582
460 786
745 816
852 252
139 635
839 790
715 268
663 36
386 48
940 623
776 408
74 239
179 976
19 866
974 954
127 910
718 447
701 691
81 586
713 29
490 142
276 261
258 280
650 566
867 772
779 358
428 72
846 402
719 896
105 126
55 280
721 804
224 796
611 536
357 80
953 313
977 451
650 507
483 390
655 590
33 491
569 265
452 395
463 375
988 709
67 904
636 311
233 764
949 222
143 139
509 599
57 78
241 217
276 808
831 30
800 674
618 745
857 439
17 584
270 266
147 61
384 665
994 616
637 547
958 151
553 521
481 416
125 536
623 265
347 514
556 694
540 723
942 875
772 301
302 522
88 658
394 753
790 815
332 293
5 473
942 986
433 762
81 918
147 648
246 470
729 56
855 712
342 784
256 784
296 221
504 928
636 985
529 497
18 886
701 19
98 456
248 828
339 974
785 24
142 431
951 687
442 461
373 243
504 894
122 309
965 799
396 14
364 410
741 824
154 104
638 432
140 11
549 161
864 349
542 698
584 467
123 818
785 459
594 861
82 137
462 420
230 17
897 930
382 428
348 196
756 249
810 945
79 340
64 563
712 895
894 75
578 88
98 878
767 936
752 45
981 245
849 331
977 414
315 723
635 710
335 540
525 636
507 331
200 305
627 106
383 800
557 932
392 483
889 683
798 47
380 42
271 949
699 934
25 603
707 83
526 693
640 8
817 608
692 340
506 739
927 751
345 167
554 341
592 928
275 140
828 522
703 116
119 109
251 29
472 862
5 428
247 201
89 219
342 807
829 303
138 670
985 17
620 338
734 372
450 630
818 659
286 901
711 92
967 502
715 25
623 624
496 465
403 639
80 528
338 556
908 992
235 956
476 418
576 784
624 44
669 747
990 207
41 788
593 871
889 440
27 857
266 469
984 356
164 86
865 167
814 232
541 880
653 150
510 35
992 814
244 203
713 68
788 626
188 914
82 109
580 508
193 780
380 650
889 672
967 570
465 213
648 431
245 592
489 6
452 158
348 351
846 458
189 989
91 487
756 499
974 430
409 630
319 223
893 38
307 703
147 294
114 143
315 620
262 949
356 80
87 220
930 131
732 283
788 37
534 513
314 428
775 361
525 834
750 499
60 803
388 250
261 116
856 898
284 443
947 621
402 970
829 593
354 435
1 638
985 339
911 127
548 923
19 175
846 672
8 444
598 1
344 500
115 584
273 968
990 879
62 322
299 636
448 338
35 722
435 76
758 330
522 540
709 926
450 531
936 310
648 458
98 1
886 46
87 987
880 83
865 481
331 397
916 333
391 431
89 755
92 726
496 731
62 670
642 404
583 598
308 826
10 592
46 114
675 350
129 358
328 332
996 770
325 362
932 454
77 505
331 969
583 223
569 793
976 621
66 37
727 496
250 858
181 476
474 342
629 990
812 146
206 897
105 18
197 578
453 141
777 590
797 659
284 457
381 278
458 853
702 560
247 333
108 917
677 622
473 304
181 111
129 972
234 763
146 265
275 87
114 405
206 637
891 311
750 126
61 747
89 226
130 932
882 993
459 48
298 382
763 110
138 711
948 212
52 897
971 93
667 356
460 478
448 446
502 97
529 379
986 946
553 269
950 793
238 543
4 179
152 838
173 548
30 875
736 816
826 906
921 610
114 936
758 449
889 278
299 774
823 63
624 997
930 956
861 968
476 362
923 173
83 312
891 593
554 899
540 338
390 585
83 425
266 587
996 593
733 447
69 676
130 10
847 427
513 111
893 569
801 939
987 572
554 677
261 837
173 121
799 197
31 111
974 853
672 791
233 167
729 810
34 304
242 687
387 820
664 790
495 80
353 639
707 856
146 568
738 708
635 682
262 994
64 869
416 478
569 264
452 500
440 468
773 510
704 821
190 256
377 895
484 37
67 215
158 290
143 138
327 665
661 329
846 847
80 90
579 48
82 520
768 529
215 804
40 760
42 426
481 922
555 524
998 661
982 14
293 379
174 437
43 780
338 916
82 810
212 653
782 273
56 497
294 927
901 141
45 570
70 758
790 671
373 815
869 618
653 685
502 77
394 976
89 408
529 263
610 778
616 391
247 955
680 868
331 452
717 575
939 645
835 669
726 719
782 845
605 438
621 990
112 245
379 858
601 279
804 412
745 700
121 250
988 819
182 395
724 186
373 276
362 7
384 365
832 875
997 623
208 96
763 773
140 874
625 868
954 306
358 634
206 223
427 734
619 322
289 657
327 825
988 21
550 820
422 983
334 131
827 494
769 24
25 553
21 443
775 102
100 324
694 82
931 316
346 196
721 912
745 26
854 660
72 332
533 449
582 720
9 381
121 897
394 289
177 951
967 540
600 91
664 447
773 355
760 552
285 137
656 803
52 180
517 878
574 785
893 320
616 39
246 742
1000 390
14 232
18 151
55 848
541 233
579 842
119 29
123 454
418 406
511 855
991 217
756 882
522 662
230 773
526 246
966 83
624 134
278 399
226 948
190 715
645 381
792 735
710 285
397 100
95 745
112 130
813 540
659 581
213 908
827 896
652 365
780 314
999 134
362 133
594 540
577 746
761 117
335 14
448 930
582 5
892 933
898 92
741 940
157 683
440 49
54 861
435 717
662 28
671 966
987 405
393 638
675 16
381 47
326 752
440 575
212 541
63 999
780 973
30 244
915 29
894 503
767 591
716 979
845 817
752 903
842 741
259 803
96 399
713 528
822 146
128 394
242 40
744 186
871 707
787 358
224 93
172 594
985 289
273 685
865 971
220 838
994 529
63 264
289 636
501 505
765 702
604 764
40 607
477 566
709 891
856 673
821 877
308 336
844 386
578 114
174 633
929 644
605 683
571 999
382 591
543 654
496 510
577 59
425 822
779 803
799 684
658 220
588 669
114 788
813 512
562 256
139 593
140 238
892 747
951 662
634 414
838 108
70 250
40 441
352 507
596 86
953 871
182 371
295 688
522 546
558 14
46 482
120 178
784 580
606 762
646 605
907 131
196 474
324 23
622 18
67 335
159 133
415 248
309 278
374 38
702 727
428 132
548 405
898 612
607 906
388 554
375 906
285 446
158 180
284 925
314 478
742 822
907 335
932 672
473 311
860 901
832 543
481 780
579 87
410 988
289 133
810 382
347 395
313 271
132 309
134 495
262 688
265 108
564 336
252 260
694 727
958 72
119 84
449 72
674 899
198 589
465 125
473 66
416 668
313 489
540 888
714 551
532 404
436 481
703 365
136 509
49 908
122 202
965 630
910 9
434 254
237 267
203 391
334 863
445 478
305 657
550 99
933 121
438 690
524 522
799 640
178 74
362 511
794 254
42 513
594 706
277 630
300 569
722 159
714 251
880 207
454 310
58 519
738 229
649 620
154 18
597 814
145 701
221 74
404 990
850 378
316 290
785 493
490 125
720 914
610 282
645 777
903 277
439 926
175 734
513 507
783 470
418 865
2 864
538 94
618 128
121 424
23 38
704 505
188 714
68 112
4 581
641 456
203 731
85 723
211 520
431 827
148 31
82 743
979 527
289 71
327 523
242 993
816 848
581 592
820 952
734 834
985 608
256 295
385 581
795 714
632 472
882 32
111 374
848 80
28 466
191 270
716 720
985 281
289 274
630 573
812 586
597 428
616 649
342 793
644 275
293 459
332 295
133 274
503 270
394 846
126 863
507 971
491 334
184 278
947 355
108 461
643 490
447 902
95 209
170 696
338 582
595 366
554 834
94 27
972 924
835 823
752 87
476 335
793 571
39 799
304 472
206 130
560 745
478 404
923 313
232 778
999 242
500 27
802 541
729 619
642 114
681 648
899 321
993 174
791 343
261 696
561 354
489 159
590 727
276 283
296 569
225 373
723 498
326 661
771 552
6 791
906 769
466 776
394 125
824 650
822 405
57 285
185 848
868 755
669 510
543 453
485 141
569 698
209 187
228 225
873 236
989 670
668 553
741 45
599 67
483 130
800 704
300 251
896 573
623 190
716 364
852 668
947 640
113 18
591 781
708 623
501 332
782 157
450 666
108 418
844 494
832 494
338 667
709 952
273 12
247 214
634 153
317 219
841 449
71 809
58 989
477 917
888 548
689 533
800 362
363 18
914 414
588 713
992 962
184 767
151 453
135 576
642 192
50 216
896 792
415 464
386 246
244 166
592 220
224 154
22 461
616 928
894 139
811 693
719 36
741 572
102 110
898 383
594 206
666 195
802 771
886 876
85 794
106 263
966 929
682 716
996 428
10 65
11 280
117 652
665 299
526 740
343 180
630 808
663 865
190 217
411 540
703 590
80 35
941 912
247 393
602 168
693 31
566 621
218 177
534 369
20 495
852 688
408 543
502 889
865 827
826 547
960 529
948 242
531 74
352 627
593 645
818 720
722 219
430 369
593 534
924 675
468 14
674 689
40 781
259 45
504 986
508 930
643 179
439 268
187 735
173 480
636 626
641 950
658 876
311 374
370 782
459 547
401 730
653 39
265 894
902 405
415 436
51 796
457 198
41 903
886 377
121 177
508 759
268 453
420 301
663 483
816 410
779 343
714 265
157 793
719 56
701 541
135 219
214 688
585 60
471 195
831 547
550 497
780 867
943 689
107 561
953 433
571 110
111 921
82 369
865 257
822 93
751 21
656 575
125 190
474 118
829 800
423 19
940 383
711 700
328 751
392 268
247 508
566 675
623 129
272 982
699 593
392 155
265 403
13 757
617 209
102 393
184 29
94 480
994 562
575 115
908 208
65 238
318 232
326 224
69 814
809 767
347 365
728 457
835 431
605 797
717 943
528 928
654 197
912 527
506 106
17 429
950 799
130 708
829 454
61 60
522 574
230 605
184 862
527 771
770 532
754 519
23 480
649 945
779 846
47 494
80 873
173 452
451 702
987 784
714 248
936 50
115 589
316 332
687 175
158 571
705 388
896 639
396 779
201 229
405 499
577 578
679 126
883 366
846 358
519 708
41 669
618 129
616 875
733 240
515 421
920 275
577 876
410 637
659 686
453 569
876 571
974 117
298 762
10 182
102 784
451 24
987 250
82 894
879 440
937 961
828 906
206 786
464 157
372 574
449 751
820 522
788 104
493 286
4 575
655 241
224 637
81 420
472 551
414 846
663 257
419 852
204 422
702 445
686 762
122 555
899 595
416 190
855 820
596 791
462 965
657 526
51 267
839 290
198 430
522 183
181 660
455 21
792 551
317 468
659 978
748 984
363 378
201 619
899 998
777 262
796 102
853 115
805 496
273 39
131 129
835 681
639 407
360 711
326 44
662 714
28 850
378 823
531 465
715 348
168 41
496 662
62 157
83 470
871 337
504 129
620 87
571 637
239 731
741 805
905 789
750 57
362 242
309 905
456 371
754 924
277 363
210 958
936 939
747 237
745 346
644 517
512 619
435 864
241 813
771 922
849 430
129 96
561 498
449 824
619 324
951 157
223 890
315 359
779 20
432 185
128 130
307 676
72 511
471 489
793 257
81 119
546 219
489 730
141 961
957 801
243 487
484 987
569 411
218 43
592 788
8 677
178 749
953 467
20 326
778 280
873 926
527 391
125 25
155 84
329 760
751 869
316 978
526 837
199 103
365 379
355 189
212 274
289 816
108 419
240 235
257 646
919 140
596 495
504 959
7 239
527 891
767 326
550 424
153 966
526 385
206 815
562 708
599 812
11 718
728 876
931 817
129 287
737 994
165 585
738 285
206 287
997 560
809 125
600 294
548 14
822 677
288 482
36 250
622 605
278 811
764 652
984 564
768 737
931 111
572 779
717 481
603 396
543 154
470 626
792 865
628 18
986 674
444 869
600 755
323 908
106 260
54 236
202 117
261 462
337 105
814 538
341 624
613 164
410 855
752 776
702 799
704 895
579 125
855 216
68 766
878 171
327 355
882 22
699 564
630 856
707 449
122 300
622 172
681 414
934 427
4 932
541 203
288 159
236 189
647 995
322 434
131 328
575 653
541 493
87 871
625 132
552 818
827 704
558 592
88 318
274 914
654 167
109 636
681 11
934 887
588 481
279 166
192 72
780 329
675 613
895 134
588 750
718 645
719 372
518 769
541 672
671 753
286 529
202 256
774 762
120 657
366 658
573 352
407 544
615 914
763 862
875 888
474 563
864 503
102 291
405 79
941 13
230 220
470 559
718 321
295 400
287 828
346 408
2 842
251 557
321 459
357 393
414 192
533 406
807 283
122 965
805 635
262 916
265 176
510 272
158 197
380 109
788 196
167 9
705 610
760 755
681 643
233 661
125 927
42 437
5 207
103 968
198 560
398 406
327 468
240 454
78 702
100 850
213 413
568 132
381 855
937 305
204 240
521 50
616 240
156 115
229 643
70 649
408 944
830 151
388 398
544 492
513 458
468 956
42 857
970 282
610 869
517 471
333 822
784 586
929 535
1 848
681 214
944 768
345 805
451 784
416 573
680 794
199 738
934 915
573 49
611 226
919 37
520 750
411 498
361 547
885 276
573 162
296 914
154 16
15 910
50 225
468 368
288 726
696 32
292 166
828 464
891 53
597 669
379 944
875 983
310 262
774 625
723 107
248 73
926 588
672 955
70 746
931 86
645 747
309 598
76 839
666 137
888 136
997 810
708 403
965 268
992 422
24 504
922 465
502 108
565 679
25 978
444 924
393 918
157 213
855 418
290 502
474 75
884 402
456 916
900 913
301 662
530 736
693 180
199 463
471 298
402 879
646 10
610 877
542 75
682 430
26 818
688 491
265 398
678 778
735 463
61 780
303 393
324 894
972 130
520 259
703 306
706 114
847 935
459 942
339 317
688 856
601 201
88 948
464 904
661 509
978 997
26 502
944 861
743 551
47 28
583 62
933 27
493 418
203 306
442 614
204 585
761 380
227 696
875 512
156 740
984 29
982 568
253 680
861 809
438 538
597 863
429 189
527 516
697 809
679 841
611 879
909 196
129 306
58 648
245 294
248 246
232 148
802 539
434 695
935 981
257 150
718 773
426 743
466 228
432 92
14 826
738 600
280 928
552 10
564 944
860 43
560 61
96 152
974 39
977 257
634 904
998 153
637 311
562 273
95 515
876 829
779 100
449 601
376 999
68 997
566 108
306 814
186 360
370 253
152 440
426 315
815 839
452 697
108 841
128 417
24 242
190 291
357 338
800 411
59 981
972 881
557 457
119 248
213 371
929 34
604 612
111 404
338 996
172 760
428 658
344 365
551 60
934 396
26 697
233 721
483 98
252 91
104 632
256 722
218 39
133 372
887 21
377 340
325 540
972 309
166 196
739 2
874 871
411 239
221 716
657 761
613 126
571 698
460 898
723 999
800 364
343 974
161 806
95 730
537 623
386 69
39 829
316 390
979 318
373 211
410 79
305 915
987 859
515 32
37 300
406 243
637 919
989 880
804 2
314 786
421 990
577 664
562 204
249 831
69 955
144 317
223 955
828 271
650 635
483 774
503 987
836 770
927 85
175 656
71 803
671 882
642 443
362 792
680 445
989 429
662 381
521 895
3 656
704 547
88 443
380 868
971 779
534 315
816 60
484 154
980 775
655 541
141 915
825 834
94 857
593 174
556 54
684 3
794 591
376 626
365 945
198 811
905 911
8 755
981 560
342 10
498 519
241 229
251 57
830 271
506 259
124 756
906 407
263 823
397 705
716 481
184 242
826 545
565 196
288 144
507 772
455 476
596 558
728 414
302 433
198 262
990 994
97 625
832 460
905 400
230 951
900 201
911 654
438 672
596 268
501 64
970 217
936 457
165 953
978 572
102 460
16 423
453 126
991 754
266 595
838 99
969 400
202 257
520 998
245 365
83 126
582 100
909 780
839 591
760 346
465 706
430 896
604 347
362 90
223 927
704 353
963 492
451 256
275 558
873 265
802 805
406 641
788 368
423 303
396 261
962 575
634 960
654 941
860 130
402 614
111 8
441 244
703 756
261 289
998 304
893 198
821 281
396 884
259 768
591 387
730 805
488 72
622 367
915 845
864 931
223 480
98 174
176 421
769 656
916 353
388 318
976 709
829 625
42 69
955 21
860 885
701 439
743 860
625 69
259 365
795 815
578 85
248 688
250 2
142 186
291 604
753 921
718 996
296 230
313 712
478 242
226 123
208 530
598 259
305 616
131 52
939 669
683 236
44 819
469 582
819 60
805 60
112 205
535 391
429 856
286 739
491 163
573 161
818 8
947 340
658 993
828 465
27 690
818 155
662 432
917 293
594 882
352 9
188 999
337 475
799 193
768 571
931 89
182 205
760 229
194 663
716 325
733 206
715 847
590 873
390 393
48 112
641 461
533 215
901 531
629 958
116 871
922 478
851 492
11 213
929 330
710 593
716 534
863 833
385 440
462 702
998 476
656 541
470 65
399 139
609 531
702 464
461 382
565 888
986 431
91 193
385 602
902 161
6 362
806 461
899 701
313 296
351 416
722 564
873 928
640 40
30 655
656 842
986 193
554 269
185 358
829 661
364 534
635 234
518 755
167 483
575 486
467 573
857 197
105 872
549 647
326 256
623 490
695 905
597 139
190 723
874 768
505 227
692 177
143 763
75 145
850 633
834 350
948 458
93 301
649 337
526 427
712 512
714 139
844 570
117 72
500 320
13 445
475 18
221 58
540 434
344 923
208 996
102 246
619 24
180 868
490 92
426 740
676 789
176 963
895 268
885 486
825 587
662 342
665 50
774 380
479 654
465 52
84 846
389 729
950 93
755 556
651 80
907 426
198 957
54 177
202 876
561 803
107 793
807 290
111 177
739 760
150 887
447 211
470 16
751 897
589 102
242 147
939 123
885 971
744 209
821 115
803 984
623 187
754 54
904 353
544 728
872 181
411 851
279 535
964 621
187 776
125 722
425 147
8 389
872 196
194 496
631 205
199 97
237 430
365 377
852 637
959 682
122 158
359 671
786 31
200 828
787 891
791 835
883 375
178 190
29 717
236 392
348 754
738 70
156 799
778 813
853 375
17 149
515 914
643 233
496 692
465 571
567 606
257 983
278 975
870 949
107 411
6 581
45 993
706 829
582 136
822 699
646 629
90 99
672 837
805 520
97 355
175 768
557 141
931 254
366 833
132 793
137 613
689 432
216 938
324 477
327 942
627 220
426 397
620 608
449 548
871 537
360 393
587 890
229 67
772 984
664 193
39 203
902 79
601 682
600 787
399 405
158 239
397 909
968 855
452 456
793 396
647 281
315 976
53 76
520 84
842 7
189 412
389 74
980 643
85 347
34 683
771 315
57 250
276 604
183 345
296 493
332 283
667 506
51 325
40 978
386 738
351 158
155 419
672 247
356 608
263 980
948 484
900 15
667 268
99 222
579 584
882 555
523 59
743 622
784 456
934 998
675 918
16 265
714 880
644 923
117 415
763 389
191 916
487 61
715 358
37 382
644 810
663 30
520 792
813 653
210 866
213 541
469 643
990 319
923 482
266 547
12 3
231 905
594 911
523 117
222 743
371 171
872 900
841 911
760 57
815 852
50 575
713 325
716 924
254 807
445 372
521 666
139 553
48 36
935 339
426 353
158 184
636 300
591 610
422 765
688 227
851 561
891 492
638 875
640 70
733 685
350 595
242 72
423 157
778 508
837 927
553 948
296 988
78 525
728 26
321 232
626 854
160 170
177 844
479 803
308 18
556 712
189 273
212 630
327 103
437 547
576 657
481 595
852 582
778 673
514 859
217 73
236 163
473 247
682 5
575 997
151 842
902 518
419 861
431 42
661 869
866 952
873 225
613 636
675 805
32 801
199 847
238 659
494 889
408 848
482 833
959 721
954 759
362 507
737 733
204 694
153 956
5 931
192 86
625 384
364 428
990 136
336 865
512 868
710 123
481 249
415 58
899 361
386 300
923 639
179 671
446 44
645 902
851 145
689 30
391 82
343 309
805 704
348 365
50 835
747 433
509 926
935 742
632 143
244 349
102 791
209 83
944 646
858 320
309 8
74 802
893 459
454 537
695 629
848 84
130 786
882 943
395 21
596 641
155 333
545 197
730 203
548 984
18 63
627 577
526 799
88 775
89 114
364 972
535 599
78 954
687 776
212 360
57 637
286 802
252 1000
679 613
847 711
425 882
890 102
944 298
519 865
421 710
849 560
211 142
819 463
988 430
435 470
376 446
448 720
735 560
576 71
687 317
823 141
76 790
336 752
984 603
129 466
148 362
223 982
426 628
567 57
381 6
880 689
782 114
465 43
582 478
898 441
21 454
60 433
357 126
395 665
425 84
58 189
330 917
409 525
393 944
214 328
345 399
531 213
76 297
688 171
122 731
52 258
915 132
279 8
96 710
705 552
742 589
85 326
910 649
64 899
316 638
119 107
472 804
588 178
471 558
147 972
740 501
427 460
892 280
964 765
469 57
234 990
787 156
471 927
726 915
599 387
986 964
259 420
813 885
578 154
190 716
840 941
144 996
17 106
515 759
991 506
558 571
748 221
625 366
623 751
719 492
169 448
154 278
246 214
659 397
553 106
93 161
942 436
121 40
841 295
698 664
520 972
725 170
867 535
406 241
289 915
71 767
898 89
206 354
594 421
755 249
896 570
73 495
383 654
538 99
81 916
889 781
449 872
121 507
413 973
250 721
34 258
948 914
823 6
534 479
877 461
900 797
615 160
85 949
333 490
15 990
841 867
387 883
15 591
767 586
91 509
2 582
931 390
209 10
465 160
915 781
581 754
413 128
698 62
666 443
9 307
483 452
476 327
7 836
731 58
968 856
879 98
298 979
545 306
267 596
198 696
259 964
351 362
498 778
411 641
104 173
983 369
404 577
809 630
391 494
133 180
416 104
436 155
899 517
504 657
165 802
626 496
455 478
260 216
265 678
268 707
914 77
902 682
621 188
325 911
416 677
244 625
101 936
446 961
602 667
514 521
161 855
326 107
830 753
283 292
620 11
433 375
843 300
917 557
991 764
999 161
16 910
701 823
903 415
410 208
909 778
412 870
896 663
183 37
274 771
701 680
386 160
238 150
33 629
345 779
262 409
653 487
701 499
508 320
278 919
736 35
310 202
798 335
251 558
267 773
414 180
987 146
681 887
21 510
258 960
831 269
561 793
749 770
341 529
163 581
797 286
817 448
780 716
927 911
716 722
385 636
260 376
952 100
962 857
424 609
704 973
389 173
384 528
940 609
562 152
511 564
419 922
494 450
960 962
448 536
696 956
585 73
687 646
291 753
218 435
357 823
407 191
856 305
35 756
401 2
166 258
631 986
958 318
838 272
572 420
738 441
60 240
634 221
710 350
468 157
197 313
677 111
805 58
103 306
844 528
443 873
126 480
36 968
753 586
482 701
611 884
297 508
615 804
819 355
257 798
420 510
244 154
279 421
961 566
414 396
744 789
108 335
478 735
675 497
549 488
516 743
42 830
684 641
906 647
324 112
680 488
665 84
286 204
604 95
113 604
495 94
541 341
194 951
637 385
860 352
510 569
427 39
910 912
858 321
507 277
949 182
56 955
989 693
205 230
686 349
484 35
836 280
518 68
962 338
428 538
892 23
454 246
950 691
865 901
113 920
488 856
248 897
507 224
364 815
95 937
761 709
100 881
926 401
835 510
947 728
985 397
167 413
706 113
735 238
99 136
616 382
247 768
408 783
855 705
505 190
972 355
832 310
83 764
688 810
265 591
394 941
934 803
496 315
960 490
634 241
502 199
946 149
455 597
774 935
421 709
4 435
465 989
892 808
434 848
718 704
331 728
179 988
642 476
770 137
225 174
482 567
980 298
941 679
654 559
269 755
755 746
511 416
867 728
120 51
965 203
489 130
624 451
788 724
936 991
10 372
546 386
889 689
55 452
846 497
996 550
45 302
690 677
211 925
767 593
989 503
112 917
223 759
371 896
379 413
694 84
131 79
850 814
300 275
711 755
181 48
309 107
95 606
812 374
635 573
565 858
739 587
6 340
797 119
156 353
194 44
856 238
717 128
129 703
630 739
886 537
130 432
463 73
566 431
968 618
865 786
39 357
385 838
533 680
881 703
196 692
138 665
711 196
53 554
294 780
868 481
523 774
425 401
691 424
622 720
274 344
889 359
835 649
4 886
410 141
614 755
260 938
247 522
576 134
494 929
382 134
701 786
465 586
207 905
567 969
399 875
278 956
67 571
379 893
367 276
224 14
866 693
760 176
966 760
456 113
681 632
719 976
150 469
888 84
720 637
920 335
727 346
470 993
368 807
82 281
394 237
809 352
161 238
586 665
271 865
402 656
778 119
304 300
121 822
712 207
161 95
659 456
94 751
774 11
831 206
772 344
617 182
601 729
121 935
267 599
91 779
755 288
998 708
105 635
432 741
531 883
53 251
867 676
517 844
851 43
320 582
251 62
144 660
894 772
262 558
826 556
811 304
152 595
799 999
375 401
568 91
967 173
697 313
330 818
521 107
731 534
321 584
554 229
593 521
691 655
22 351
655 353
182 777
10 918
9 569
732 735
348 720
538 931
723 900
382 851
183 774
938 521
118 889
728 989
356 934
213 539
948 674
255 176
663 393
775 595
499 322
323 528
749 970
219 579
474 924
241 911
59 250
353 793
135 833
196 433
803 235
605 11
876 701
296 615
300 151
466 171
68 139
150 499
54 930
510 288
612 968
831 558
561 62
928 775
72 93
401 889
609 298
257 509
295 285
266 101
585 257
885 441
133 723
390 194
138 59
765 24
638 798
55 407
732 327
206 682
744 269
691 774
11 392
910 548
513 974
553 809
155 581
657 763
394 483
109 502
811 944
312 104
449 465
603 240
342 132
398 410
755 429
338 939
389 829
137 172
446 422
330 711
276 737
649 73
99 30
874 920
781 636
160 394
225 582
463 982
874 811
89 389
1 827
278 329
545 906
820 260
607 92
899 175
350 463
210 601
795 78
409 447
579 695
193 272
487 210
456 638
610 67
114 818
44 669
619 787
526 381
766 582
586 424
58 513
735 841
927 379
748 452
861 227
893 562
729 529
178 313
72 780
733 41
456 427
379 323
228 695
786 245
179 737
336 528
500 803
907 165
756 271
751 426
970 527
223 781
298 596
461 904
816 153
814 884
466 798
693 621
271 699
402 566
55 272
620 722
573 223
521 517
243 353
196 839
45 491
48 337
251 698
233 859
458 880
792 112
276 833
404 382
327 662
536 117
111 271
545 505
838 806
472 987
790 965
313 301
367 998
133 122
743 927
320 543
734 614
259 684
186 916
995 150
423 993
110 982
181 671
204 784
575 483
304 914
127 106
363 369
291 748
915 294
517 422
701 329
539 402
248 719
264 340
193 210
674 643
127 377
58 848
147 513
97 958
469 502
914 293
592 407
869 885
973 919
255 978
862 612
982 943
748 671
992 939
351 660
486 901
17 569
852 429
988 351
311 42
452 908
948 777
900 916
478 696
82 129
211 351
58 502
828 726
922 287
707 543
854 434
34 367
145 846
845 949
105 593
573 646
172 33
487 920
937 919
310 179
190 453
287 641
935 277
742 865
365 949
752 993
859 7
401 611
935 490
4 536
885 807
963 997
46 843
787 339
256 281
446 28
543 630
64 672
488 274
414 574
218 167
384 637
835 259
597 473
624 521
324 975
480 320
492 345
75 451
421 211
812 548
209 633
588 3
56 404
38 36
886 824
208 703
209 650
28 74
61 828
416 812
127 396
868 482
355 305
304 781
433 623
19 486
577 80
335 320
302 379
605 610
606 197
308 520
160 71
580 800
504 819
968 384
395 739
45 828
901 255
49 313
642 270
553 249
292 107
719 268
10 676
887 970
46 94
103 91
37 794
814 99
27 639
875 915
353 787
382 97
442 30
495 834
664 926
940 845
281 248
944 264
266 876
504 495
549 431
920 289
860 40
176 113
451 185
832 620
262 131
708 471
746 174
689 125
166 215
319 270
155 858
816 48
217 517
916 107
664 196
167 915
821 434
648 600
6 422
46 759
158 381
507 77
113 982
954 644
994 953
316 685
632 534
471 464
323 463
846 569
939 233
43 828
146 909
764 386
527 486
808 700
899 519
57 872
593 366
902 657
351 10
652 885
598 25
928 245
804 904
677 390
914 56
934 63
459 925
42 143
83 601
100 921
553 281
688 72
668 126
373 992
230 939
203 353
622 965
295 647
389 668
280 182
676 416
416 534
390 847
540 215
10 870
891 589
273 268
738 216
171 825
908 226
47 310
912 229
27 934
537 760
221 3
679 540
967 725
729 564
931 976
770 78
789 466
628 302
679 994
822 248
903 302
173 13
124 989
705 10
242 560
998 123
729 726
918 337
332 513
225 439
393 643
286 214
633 419
251 544
513 35
237 525
953 292
96 445
7 825
870 355
247 533
633 796
812 424
640 474
989 704
95 657
520 742
214 225
678 656
721 243
886 727
777 161
412 220
864 645
852 722
172 700
449 65
469 14
312 839
259 704
693 139
192 749
321 15
986 391
568 120
752 501
865 714
131 282
585 731
216 146
845 995
368 626
445 471
916 784
97 770
633 688
351 925
869 848
446 995
748 688
516 173
830 581
779 981
616 689
391 395
657 497
790 311
704 52
926 919
874 492
158 573
583 260
219 561
202 289
831 798
693 60
796 627
157 763
852 435
951 401
438 204
168 480
421 914
940 646
603 964
183 184
371 136
661 478
412 876
358 390
896 403
381 127
127 591
771 565
385 146
349 705
578 781
25 187
275 703
686 435
345 519
253 406
239 103
502 796
522 215
669 388
779 204
301 512
17 805
823 671
744 362
708 205
569 385
403 65
162 810
693 32
355 596
790 986
366 440
762 517
355 937
997 378
118 377
927 643
363 594
364 809
950 544
240 487
699 736
646 297
263 891
506 438
877 599
363 483
678 926
591 935
170 385
961 493
636 780
319 544
216 255
342 899
645 240
722 997
523 796
747 374
762 953
563 136
691 511
487 691
854 117
89 642
221 557
740 999
724 492
728 999
526 350
909 110
508 855
490 422
791 142
245 432
287 191
626 492
516 423
244 248
641 658
179 591
932 439
417 435
2 940
408 363
373 397
563 757
309 693
737 186
794 291
49 216
603 593
141 648
594 116
208 455
432 191
785 893
879 373
312 485
423 499
140 644
854 573
30 19
547 903
355 229
72 485
971 755
328 847
661 147
607 971
831 327
871 582
271 956
589 145
510 682
394 811
446 178
817 526
447 223
158 262
125 977
200 536
54 471
39 1
319 785
328 961
103 958
807 60
316 633
8 314
706 177
824 188
919 567
522 783
8 991
674 962
658 447
694 513
678 954
5 292
812 948
866 132
330 879
645 212
370 353
695 203
671 195
433 622
144 999
911 689
60 203
841 731
672 461
767 332
292 438
258 226
792 854
903 662
355 494
875 350
625 508
754 728
757 215
62 747
801 777
236 682
153 234
781 136
530 138
344 635
405 452
287 32
533 952
959 711
653 920
870 139
673 717
410 794
802 939
698 872
167 735
635 580
177 271
663 555
189 980
44 57
797 533
713 318
551 522
916 133
243 171
779 939
393 832
565 666
90 826
612 667
339 912
834 653
377 846
275 469
133 927
725 597
488 480
398 269
509 534
203 855
536 553
403 121
904 434
498 777
801 30
547 622
308 58
96 852
997 434
947 741
394 559
792 502
925 294
855 933
640 698
491 382
398 222
367 767
652 709
321 979
801 489
878 745
626 382
316 210
725 122
302 293
787 923
917 840
658 212
472 383
884 524
645 490
848 746
463 131
709 679
572 225
790 296
993 412
477 99
192 253
134 273
212 240
359 67
128 661
19 848
295 731
460 966
120 911
339 203
600 153
283 583
953 879
45 961
770 510
883 411
976 727
791 404
659 810
822 266
110 520
926 372
16 515
479 706
73 635
916 153
534 157
836 400
360 489
403 183
871 89
833 702
775 311
669 336
855 5
697 159
219 303
935 429
189 587
963 956
213 325
697 8
129 628
749 78
48 612
947 592
513 750
23 951
281 930
290 912
421 234
186 865
264 43
853 247
623 477
455 447
645 155
80 435
1000 740
89 395
914 172
262 516
539 313
152 795
86 488
788 473
292 383
801 727
416 563
847 668
353 232
260 620
292 93
476 274
760 413
633 913
62 675
714 570
819 356
13 485
827 817
248 224
28 742
233 396
654 598
634 668
961 676
269 334
966 695
417 333
292 898
595 43
244 443
63 577
814 779
599 627
643 577
698 800
955 179
405 222
529 570
50 735
284 958
10 177
873 111
488 139
104 460
399 353
475 214
209 87
524 394
270 502
141 982
971 679
772 924
789 794
332 155
243 272
371 711
355 714
617 227
484 46
877 689
346 11
57 84
989 803
350 563
384 76
670 273
865 779
682 195
445 167
623 384
508 150
448 356
526 227
564 82
53 675
201 620
437 948
848 773
596 611
959 531
838 736
470 768
580 197
240 85
162 49
499 960
833 976
890 243
71 352
628 931
772 810
331 511
795 44
320 76
34 33
805 219
990 217
425 647
373 249
945 456
47 376
805 172
147 258
738 129
575 822
300 932
541 866
139 229
54 735
667 820
83 61
243 365
659 900
46 290
763 796
489 135
959 757
920 455
371 793
159 150
271 616
989 323
2 719
495 14
8 784
387 795
318 525
210 362
341 756
124 740
180 566
767 594
949 185
405 867
629 710
78 372
936 655
721 911
977 37
959 411
724 758
581 683
859 25
921 498
647 304
727 6
363 787
73 877
424 941
575 210
333 291
130 835
955 776
764 136
968 621
847 867
479 111
427 448
590 211
5 167
66 819
543 807
200 981
934 96
921 775
593 546
479 269
486 539
718 918
517 297
277 724
919 133
923 78
142 486
36 813
60 187
170 535
395 902
452 701
878 927
59 501
352 377
580 689
999 185
784 950
218 912
862 371
206 503
887 964
400 830
699 306
258 436
97 388
489 210
487 331
737 84
341 197
81 904
119 880
804 793
564 995
196 495
694 378
953 556
36 368
187 486
788 914
447 318
413 890
827 436
8 780
776 918
746 172
893 75
971 769
737 423
817 761
201 227
966 808
492 763
185 229
95 558
617 42
750 270
695 411
815 37
665 732
355 770
66 339
968 939
668 271
458 537
901 409
481 872
555 77
651 603
402 960
513 571
597 507
846 686
3 989
449 20
806 232
791 668
48 905
144 949
456 871
912 702
661 844
900 500
98 164
796 165
598 249
64 767
764 640
978 935
65 326
377 84
452 514
839 150
992 631
684 853
10 868
980 24
818 911
819 410
213 951
628 522
23 186
615 828
785 367
1 408
843 433
862 367
629 96
187 437
102 288
763 742
185 724
827 133
311 108
993 125
23 920
300 771
945 242
139 135
177 72
646 586
427 640
559 683
193 998
182 106
44 143
599 735
984 902
15 574
272 514
185 807
662 275
6 215
854 523
376 950
489 377
197 584
627 191
133 720
850 866
358 597
655 687
966 788
219 433
494 117
24 129
152 502
464 56
855 4
500 692
475 856
441 984
995 385
816 828
234 737
868 96
502 802
801 57
806 298
85 813
632 675
392 18
946 681
187 823
773 68
596 729
367 173
373 962
639 645
633 596
26 618
342 980
606 353
610 892
496 388
994 415
61 52
338 603
624 896
678 173
994 14
652 456
502 281
196 988
892 657
141 77
201 802
919 34
114 691
219 642
222 795
488 673
235 156
823 311
663 430
206 303
443 75
351 706
257 336
361 471
697 898
187 191
180 940
736 84
898 319
96 243
617 823
105 107
614 741
219 399
963 236
727 287
30 53
642 939
538 744
392 498
500 627
949 178
767 671
881 548
682 543
129 949
368 536
81 412
584 501
967 562
678 547
959 94
228 468
601 534
324 583
570 795
276 930
795 626
632 592
924 790
623 274
720 19
21 978
155 320
781 524
13 610
156 619
750 147
735 325
458 307
167 409
743 894
599 506
929 746
119 288
296 921
189 18
982 337
189 604
109 795
687 781
956 884
539 260
688 357
174 809
378 972
584 879
179 149
553 480
37 223
717 685
313 863
23 28
48 644
246 207
374 304
267 264
36 921
627 373
904 741
62 717
853 718
891 631
897 620
771 87
738 158
995 565
942 12
374 722
214 935
801 988
698 624
770 133
990 630
771 228
847 401
353 981
10 542
489 245
149 804
718 486
455 772
224 102
762 490
170 123
278 904
595 198
163 576
966 547
36 428
20 809
946 712
527 421
915 572
642 796
24 475
134 96
996 423
615 409
671 155
216 835
200 316
728 628
617 77
508 106
518 149
754 818
439 756
393 4
659 289
555 144
95 747
206 528
532 362
411 696
393 149
638 567
436 135
626 231
493 28
298 26
782 328
113 9
921 996
859 439
958 9
482 478
86 196
70 697
201 347
270 15
605 861
786 25
630 304
577 164
425 951
669 716
411 228
585 657
549 822
947 821
916 859
990 656
903 771
395 552
107 226
400 130
37 243
562 274
926 819
999 811
430 34
748 105
362 316
236 277
917 532
420 92
845 984
776 460
266 678
250 393
890 268
197 398
399 966
884 712
278 961
970 785
534 246
741 978
627 512
1 349
992 168
993 193
166 869
775 777
903 340
191 524
496 886
62 333
963 390
727 481
358 332
395 466
396 617
881 817
609 258
537 93
646 649
208 421
650 324
780 866
38 729
483 634
708 97
836 446
655 538
966 809
95 553
441 82
59 527
946 977
786 550
34 963
882 191
111 211
99 165
959 1
936 544
512 58
363 766
264 334
53 86
642 693
575 241
280 494
635 842
458 617
555 13
790 522
624 836
531 996
916 682
260 54
208 783
282 522
375 365
929 801
914 55
346 661
97 537
683 894
422 230
796 55
264 128
692 192
216 185
329 510
570 676
868 385
278 371
402 858
203 354
903 871
705 228
989 549
544 166
230 569
493 576
676 419
404 750
832 225
575 619
988 809
257 900
406 39
780 464
247 667
934 585
828 452
352 501
480 186
44 475
944 713
652 154
709 455
197 145
286 424
273 145
105 162
207 349
993 124
746 860
908 451
71 879
607 585
206 242
888 5
598 900
776 376
569 942
626 649
970 535
20 882
901 919
794 281
544 922
907 10
358 360
750 606
287 804
489 742
470 769
612 554
872 311
410 768
656 552
349 252
792 24
6 502
265 184
817 507
67 228
604 773
555 331
995 384
782 791
704 851
427 220
694 818
163 678
260 500
479 128
815 602
491 176
322 93
234 881
452 922
8 500
946 678
229 570
434 402
968 678
354 221
681 491
675 858
70 784
843 16
401 5
535 702
710 448
727 55
490 687
696 270
39 924
499 919
226 229
724 356
905 518
935 111
89 683
236 462
532 867
380 194
421 587
351 559
546 951
336 809
670 913
722 663
770 783
553 165
187 993
500 154
338 269
12 78
641 538
3 277
866 791
672 580
954 434
538 53
206 351
162 703
490 242
145 981
310 393
77 825
465 432
600 405
145 633
569 970
927 284
698 814
516 883
370 495
634 636
428 211
659 697
584 871
254 837
918 938
902 495
225 577
978 129
480 8
470 156
414 722
517 605
333 428
6 466
209 230
731 121
968 917
163 757
498 252
336 239
890 714
122 560
229 892
711 552
700 863
238 138
242 249
407 395
953 703
212 545
284 502
323 392
787 25
424 721
562 811
572 919
982 116
142 127
930 505
844 109
386 565
994 350
920 613
748 977
929 745
434 265
587 469
91 642
153 727
316 805
796 127
213 155
53 578
807 601
101 922
815 178
504 940
795 957
936 505
536 723
350 431
230 705
752 65
331 590
99 452
532 495
452 746
177 476
295 780
282 425
653 102
10 228
235 379
92 256
844 791
22 63
357 149
875 939
125 328
842 304
861 116
55 61
129 17
813 497
742 473
859 607
20 699
708 326
831 541
637 350
250 822
513 334
699 103
537 64
647 965
423 287
275 665
863 797
366 799
319 175
358 643
147 278
242 936
868 884
82 705
569 305
698 407
310 977
224 530
944 977
893 376
73 787
656 798
803 961
94 534
777 254
499 796
468 687
51 449
493 940
773 10
691 657
985 492
877 70
356 119
810 1
687 837
493 718
451 946
718 10
450 515
968 159
770 546
588 797
830 806
634 175
908 916
156 849
278 269
676 392
684 883
730 409
782 820
417 832
736 610
273 292
955 395
874 400
109 940
625 578
81 748
746 726
528 429
932 71
500 612
318 866
8 577
946 808
162 726
605 34
864 484
704 285
281 252
690 352
548 134
953 562
594 638
774 448
327 533
671 88
853 805
486 278
417 381
275 651
718 880
962 723
779 43
368 950
195 160
803 417
310 147
521 752
362 622
812 49
116 934
447 30
858 403
396 840
401 690
24 167
745 950
100 498
33 431
786 551
228 30
871 756
289 246
733 755
61 314
686 827
674 771
750 110
91 959
385 820
597 505
411 820
750 217
866 490
299 731
619 750
191 473
86 225
198 495
972 194
956 735
706 434
943 451
30 1000
344 111
930 714
861 726
364 18
937 254
757 997
425 914
303 648
463 878
677 725
714 1000
149 727
843 196
75 862
689 734
781 134
69 372
364 304
695 22
173 470
926 812
657 9
70 102
128 761
607 261
166 688
297 394
652 805
746 699
260 299
583 490
852 451
590 635
34 433
783 908
628 345
819 678
707 586
135 205
861 301
185 948
140 692
774 319
627 283
484 215
875 558
803 349
343 12
415 62
149 307
542 186
154 667
798 192
802 31
750 697
897 305
132 538
229 246
754 970
513 961
843 582
630 770
869 422
764 220
927 538
291 11
15 508
497 23
674 807
436 214
368 260
369 221
942 122
869 664
564 202
910 506
752 410
806 187
365 169
705 820
423 585
579 783
691 713
281 117
326 284
562 178
66 889
965 635
877 159
553 377
44 270
347 832
991 427
80 581
423 687
908 973
532 765
633 692
356 402
563 33
178 65
382 993
149 576
313 946
875 796
541 163
687 192
746 524
175 284
692 618
99 8
917 587
442 429
709 301
740 862
597 819
728 958
340 332
58 765
78 798
98 650
729 532
732 845
70 364
515 241
221 240
97 450
280 734
742 306
102 93
909 953
604 311
508 412
568 773
129 463
870 86
841 940
751 433
399 588
522 497
279 758
125 118
439 972
27 210
784 459
197 554
256 20
332 775
993 903
668 681
861 732
579 286
651 957
276 846
594 321
775 276
547 717
123 232
361 839
401 420
130 890
739 930
955 737
830 463
78 624
341 345
962 223
191 307
928 339
553 554
934 409
256 592
294 56
851 929
436 345
809 705
256 719
829 286
557 783
687 672
374 229
627 880
126 842
18 73
644 149
536 566
810 189
874 674
389 574
446 673
527 248
394 964
654 28
540 73
97 945
634 136
669 663
1000 594
398 951
256 924
577 504
279 112
227 675
925 958
947 154
188 206
26 145
689 631
619 242
66 750
305 878
993 473
232 885
456 924
362 248
991 579
814 72
589 760
131 724
851 197
779 288
192 454
67 722
432 85
784 250
219 831
20 836
793 124
123 619
558 444
465 403
290 222
590 845
58 98
96 145
667 708
3 958
129 245
131 169
613 293
689 285
968 212
141 870
733 972
129 870
422 685
617 51
637 16
927 956
967 643
988 702
293 592
423 205
350 870
671 443
358 994
308 179
552 817
458 736
308 239
228 458
319 797
600 967
899 641
129 689
683 118
444 180
262 631
411 773
531 970
773 291
238 790
587 736
901 68
958 15
653 8
319 755
530 366
324 859
130 608
169 158
227 400
240 668
144 588
787 786
221 594
540 42
977 640
869 946
340 192
121 946
996 726
311 577
41 101
313 776
174 843
396 193
970 170
494 824
426 958
753 699
679 663
370 993
352 380
758 180
689 915
709 336
47 281
892 842
804 420
553 252
545 410
611 946
810 718
23 768
559 434
499 323
606 891
547 628
616 939
690 398
965 24
417 530
60 740
849 631
323 637
228 628
232 527
214 675
913 518
711 871
263 68
90 466
21 114
742 36
279 830
945 774
533 23
516 987
186 418
684 101
206 801
266 474
548 500
55 708
938 488
206 848
85 513
927 912
215 898
739 540
167 31
427 242
198 691
891 294
51 431
868 226
717 862
264 932
856 574
692 244
782 298
565 90
752 630
255 516
626 408
186 841
596 704
578 471
27 327
47 776
895 628
293 392
477 699
351 134
193 236
545 887
104 449
821 994
92 790
212 530
5 661
868 387
762 906
264 273
784 600
844 660
735 338
904 833
390 828
62 425
544 184
446 968
69 371
697 910
438 552
425 691
525 128
66 679
417 867
54 632
588 736
168 235
280 549
27 816
546 768
380 676
861 153
340 664
788 948
55 247
184 900
775 734
443 145
46 494
512 958
383 683
702 993
233 123
909 546
483 698
797 587
936 556
24 486
152 219
929 421
693 388
361 171
287 695
578 964
285 434
141 942
950 396
163 586
593 129
224 620
560 470
670 31
284 718
705 111
914 981
661 312
350 603
441 989
725 629
800 660
29 62
394 493
180 600
424 616
631 367
542 484
247 102
513 738
700 804
705 666
706 245
69 787
237 477
863 441
919 635
351 85
636 958
468 855
611 417
759 233
192 785
216 151
861 569
843 18
790 639
966 897
773 867
558 523
49 521
196 840
322 543
515 820
532 766
402 487
95 374
867 233
444 46
265 933
819 74
126 408
74 63
132 653
40 99
471 472
525 164
430 88
359 18
737 838
923 36
46 40
174 93
413 763
654 427
412 978
72 931
270 562
917 699
188 777
61 501
505 39
908 18
107 347
719 112
701 709
635 699
301 183
984 583
457 969
276 267
738 586
331 992
335 1000
49 183
547 176
557 274
404 183
443 411
708 389
102 956
217 492
557 168
727 280
396 898
271 822
383 818
77 67
224 665
310 971
242 21
963 42
694 877
807 134
901 333
668 584
432 724
384 663
167 180
846 43
104 236
566 474
57 826
494 481
886 935
769 917
466 270
114 652
756 867
62 180
209 672
545 846
138 748
711 217
457 564
819 302
312 727
886 833
777 307
800 124
416 369
251 474
469 271
937 53
187 562
313 755
426 967
273 173
261 44
689 741
841 418
738 162
607 207
974 710
387 306
886 402
192 138
853 715
18 522
413 869
221 49
760 445
499 659
245 443
763 562
233 451
639 79
400 982
590 513
477 233
262 492
535 956
168 449
814 952
837 505
821 79
500 781
102 969
414 469
225 646
534 442
3 702
667 711
137 624
506 817
965 470
159 291
949 356
607 929
67 565
587 841
488 547
76 466
648 723
404 425
850 809
699 706
510 687
99 640
393 9
530 570
309 229
293 544
274 846
159 871
971 421
312 38
725 670
318 220
1000 499
344 375
125 718
792 415
976 396
192 699
240 151
916 512
773 921
407 143
484 514
378 13
622 872
274 448
791 741
188 286
887 412
433 609
895 945
566 883
678 153
917 831
331 270
938 762
297 242
597 39
763 259
922 140
969 640
58 993
227 734
28 405
857 891
567 544
363 447
644 831
538 294
259 219
724 13
945 488
619 209
302 95
988 394
202 275
330 300
546 876
657 333
732 903
988 313
457 167
42 152
563 679
609 37
972 462
426 705
615 75
637 655
283 924
495 185
794 256
907 227
732 84
400 623
171 300
103 533
789 124
817 323
142 590
949 838
185 233
531 666
901 964
123 305
138 864
693 242
659 318
608 406
609 963
522 970
778 336
798 791
655 170
531 888
386 886
989 920
118 490
856 575
48 972
659 28
626 409
865 823
703 239
964 729
814 724
352 989
977 594
464 555
888 183
35 704
127 430
787 817
346 515
312 655
166 286
776 62
835 733
196 853
804 660
983 465
574 378
814 453
247 630
297 255
841 489
965 749
917 879
979 335
634 48
323 519
458 68
804 330
257 921
5 967
961 945
727 834
396 245
451 492
54 667
877 492
872 894
853 997
250 650
361 919
880 525
151 70
295 564
991 811
500 982
340 639
34 318
642 161
475 144
96 235
206 96
3 951
324 427
626 535
662 279
760 945
281 504
893 107
987 234
825 763
823 768
918 636
228 222
685 688
635 525
63 236
621 562
551 779
275 500
756 763
803 522
53 183
825 70
467 717
796 904
661 537
350 890
424 133
125 758
899 617
493 882
866 396
307 210
881 201
562 612
957 320
398 814
516 117
957 5
351 778
358 904
286 975
527 791
456 534
563 35
726 701
549 92
128 307
516 171
709 70
615 719
230 683
766 585
474 841
183 867
576 197
704 10
170 890
980 175
316 680
267 268
586 34
888 281
704 998
278 908
960 211
300 844
410 316
196 269
73 478
555 974
186 530
903 264
872 858
965 223
396 718
24 293
813 27
816 257
266 814
107 632
721 644
850 32
586 878
430 644
712 620
789 67
741 346
929 320
20 496
397 644
681 859
228 242
412 13
551 862
462 159
637 251
323 367
472 563
589 120
57 95
403 71
85 425
602 197
216 568
363 699
574 871
207 890
941 972
891 225
213 469
693 91
587 744
306 443
165 338
956 292
561 761
910 468
716 35
576 758
756 876
540 849
543 846
754 381
477 738
795 773
541 313
445 388
909 309
948 301
18 982
221 765
503 547
40 177
101 1000
854 138
625 789
791 23
204 723
499 741
230 343
675 550
400 952
206 412
265 355
562 76
656 137
213 732
145 660
75 727
297 593
981 79
625 645
989 188
865 118
701 744
405 27
103 274
694 403
25 210
126 113
236 804
69 648
607 642
734 394
723 385
283 800
719 885
334 141
525 540
713 260
533 241
699 233
594 1
935 559
171 336
935 274
938 498
974 460
190 351
673 871
674 24
927 958
640 104
785 913
950 373
756 652
719 568
389 459
489 448
753 386
812 765
544 611
686 802
363 679
354 27
958 162
320 626
673 50
910 257
169 883
59 850
192 700
561 741
985 497
53 385
555 789
441 615
886 819
43 759
942 513
834 150
236 220
296 281
61 7
925 638
782 25
434 56
697 519
316 187
580 920
815 83
808 259
79 852
282 246
189 853
603 622
877 391
112 271
330 218
258 111
887 594
250 405
199 556
599 814
101 750
879 979
475 489
793 828
280 745
614 420
482 723
452 515
508 599
749 879
756 189
940 836
387 604
101 448
673 711
837 476
585 51
236 981
720 742
77 343
519 256
889 461
101 337
654 813
660 426
788 359
24 396
262 122
950 401
301 928
430 700
604 31
623 821
237 546
755 925
703 709
685 826
802 246
629 716
703 810
775 201
691 818
825 931
983 42
548 581
364 361
128 408
661 290
246 562
872 509
122 516
379 159
273 526
642 689
772 736
727 97
829 610
961 298
869 353
337 528
275 485
621 256
659 31
521 2
61 841
726 69
564 96
985 461
325 596
697 321
517 86
596 561
812 918
942 541
253 575
266 602
954 823
283 17
856 461
288 393
882 545
95 284
562 675
934 867
576 48
353 198
481 9
581 470
249 21
377 200
947 212
879 785
805 158
93 156
222 800
227 586
266 582
230 287
781 101
325 57
953 768
774 754
516 470
573 259
6 652
26 70
728 852
432 305
875 999
453 133
365 113
158 746
568 876
233 180
966 732
91 306
474 694
20 894
884 125
99 799
280 995
548 308
474 345
3 355
771 623
776 951
944 9
980 703
414 189
72 468
436 669
682 661
846 160
923 937
877 566
752 561
716 628
842 779
113 649
209 254
836 301
855 3
267 538
806 589
890 690
7 980
455 794
695 619
720 157
150 932
778 373
191 280
565 11
859 354
53 295
806 303
790 928
531 4
865 850
331 26
313 507
338 818
191 510
229 695
839 450
142 22
403 742
562 613
818 763
877 156
352 617
703 480
339 853
564 141
269 2
40 214
23 503
299 887
403 909
31 536
433 313
495 719
296 15
387 472
400 93
473 697
184 836
304 441
179 971
699 256
330 357
878 434
979 112
718 399
944 376
235 433
955 88
229 339
727 564
788 680
970 567
298 604
270 33
561 82
285 370
340 771
234 266
917 125
190 465
175 947
200 261
901 681
185 122
617 84
279 977
708 165
232 246
493 273
935 510
665 750
461 371
690 875
716 751
960 793
426 109
322 10
587 538
694 786
460 188
905 25
843 837
551 12
437 668
578 490
924 130
925 375
74 494
308 367
274 75
852 620
800 15
138 746
108 428
606 439
398 152
536 569
421 25
739 18
728 289
982 362
576 917
117 315
923 120
250 156
458 97
576 772
978 616
705 160
28 435
580 35
921 504
278 79
852 32
876 222
476 836
45 865
99 304
452 532
766 757
331 506
411 335
968 283
269 746
352 32
813 493
872 951
314 597
966 661
715 919
348 212
519 287
529 591
589 471
440 562
537 68
902 316
335 639
543 58
845 830
958 615
28 407
544 791
893 18
986 372
733 969
246 932
789 815
860 460
589 138
243 498
704 864
600 89
945 586
525 778
859 140
128 300
669 131
411 703
694 766
455 206
807 53
192 526
542 290
803 291
380 399
38 205
41 319
169 882
609 633
449 2
787 166
900 143
385 974
48 754
692 233
14 21
436 431
420 788
991 95
539 374
117 366
133 393
562 557
135 909
781 269
639 553
530 15
71 173
990 925
312 612
64 133
652 574
396 252
970 169
572 357
663 158
114 995
373 54
600 102
84 63
212 116
784 797
518 790
886 508
247 690
412 997
509 423
218 948
844 928
853 606
452 857
568 994
76 989
946 826
63 673
11 842
654 528
966 358
970 877
955 19
922 200
617 720
673 710
339 310
290 142
823 24
862 550
556 373
614 135
339 423
859 812
275 655
23 705
137 658
45 265
484 319
46 546
380 888
54 249
607 903
42 529
232 191
837 654
163 595
38 557
610 59
668 748
301 577
56 892
128 409
648 576
901 370
538 604
405 611
281 685
854 306
525 882
979 563
617 334
820 245
507 50
82 850
48 974
952 20
19 177
919 592
303 255
855 930
421 64
270 84
79 612
796 12
247 850
51 255
8 138
541 480
148 914
683 531
689 722
959 678
965 677
696 486
92 567
718 871
99 2
849 916
862 605
474 883
87 518
676 142
344 943
292 183
22 8
650 801
210 220
926 605
379 561
505 589
489 176
992 554
634 754
466 160
983 901
175 696
733 254
457 931
703 538
194 566
780 785
508 346
626 533
475 484
684 437
366 939
667 641
63 776
779 75
784 483
57 359
76 389
883 47
521 528
582 687
677 925
935 469
172 775
512 108
923 888
787 290
733 674
113 793
385 586
80 110
543 673
894 591
623 151
127 555
539 754
209 415
436 210
882 958
20 401
538 884
211 609
302 767
655 57
35 896
364 844
294 99
596 743
195 846
856 652
89 99
588 67
79 632
227 429
325 984
529 257
715 64
61 110
57 622
867 157
700 689
144 806
400 176
678 167
737 633
986 552
187 664
83 347
601 410
586 334
969 350
95 384
478 280
351 554
409 311
607 994
415 265
914 472
217 336
956 35
723 792
705 485
547 454
804 511
384 482
685 300
575 872
887 906
546 658
33 973
453 376
572 994
934 761
650 596
680 363
262 406
689 186
399 731
145 968
225 731
862 623
955 91
957 937
747 285
896 363
559 810
936 636
232 473
964 42
286 58
808 215
972 525
936 523
812 102
6 181
780 900
362 727
915 919
552 571
661 135
775 131
778 165
561 819
524 385
764 798
546 240
108 858
768 115
186 712
635 555
393 18
52 305
381 443
882 192
560 324
262 764
545 744
413 352
188 198
318 39
160 193
824 168
532 345
751 855
904 192
544 295
997 499
970 95
971 568
949 368
146 127
735 323
648 197
377 331
621 88
187 966
722 989
798 906
653 733
670 581
913 176
630 345
248 583
982 730
269 37
517 335
352 741
369 569
98 473
319 968
605 390
118 783
283 742
253 556
962 182
888 757
407 665
362 228
895 466
392 969
173 60
504 109
350 982
789 274
409 990
763 789
837 486
948 897
21 233
206 602
137 996
653 468
200 68
736 118
78 101
116 216
447 400
160 690
893 928
639 852
493 466
883 118
833 861
778 246
135 879
767 552
972 640
310 827
122 954
376 611
584 392
837 570
821 421
475 873
938 387
561 345
725 953
764 145
198 843
290 670
440 111
548 878
646 227
668 431
625 315
760 381
638 569
566 266
659 148
18 372
146 321
669 51
309 966
810 123
705 839
227 7
57 964
222 270
5 300
961 110
579 971
218 625
471 769
576 579
813 874
391 22
479 266
743 745
51 19
625 138
864 427
675 411
283 420
352 773
52 623
572 358
922 789
961 825
746 561
250 288
914 877
71 466
532 800
459 564
106 803
288 700
400 934
849 841
921 324
425 629
814 249
192 280
429 37
33 772
767 59
183 986
900 994
82 203
174 267
659 840
552 439
491 901
666 163
723 46
392 884
745 426
897 963
162 322
382 505
257 126
495 186
991 833
230 189
638 14
289 845
362 781
977 344
427 955
431 787
237 544
256 33
756 460
409 581
397 816
493 327
441 84
156 968
105 327
667 238
507 471
648 577
856 996
428 581
416 133
952 311
275 74
811 12
812 739
471 111
86 24
233 564
877 771
806 257
130 830
406 915
852 711
312 694
489 430
696 338
435 46
602 332
568 468
986 943
865 534
900 499
467 366
783 422
285 487
409 455
615 599
175 150
123 577
880 68
662 652
810 403
705 367
245 94
841 383
550 337
257 720
421 643
50 239
801 813
822 625
813 274
740 822
429 9
177 240
144 391
809 507
206 325
802 596
710 821
215 393
694 27
733 76
435 825
79 366
851 129
770 949
619 365
705 181
444 680
432 224
750 340
831 417
711 911
486 390
200 235
402 603
242 922
663 948
906 91
934 901
410 778
772 928
648 750
333 386
315 923
781 942
570 227
765 415
863 630
898 662
773 282
890 688
941 596
124 120
507 96
384 655
459 197
521 322
579 212
321 228
587 705
454 952
831 216
725 339
542 379
981 825
565 186
87 586
237 473
683 195
208 737
571 930
643 593
259 344
670 622
714 934
532 523
862 246
916 938
479 322
105 852
784 696
549 968
147 604
496 266
302 184
161 776
516 150
990 229
166 647
101 834
504 884
984 446
931 665
170 889
789 735
654 431
742 636
516 436
847 423
999 13
140 992
895 398
40 276
225 264
49 90
738 380
187 494
139 41
103 376
758 700
123 797
194 539
30 173
396 559
533 218
941 261
798 150
176 129
50 678
842 730
205 10
579 261
195 12
289 87
294 230
525 469
354 695
872 424
637 248
964 344
513 800
200 485
347 374
29 30
583 603
273 724
755 482
599 361
74 520
99 471
890 438
215 398
551 415
455 10
702 25
445 16
831 677
108 430
322 208
455 411
520 384
562 519
799 822
545 819
929 604
364 87
735 96
879 642
654 254
363 137
71 344
886 103
814 256
687 114
100 696
912 376
87 914
182 638
934 937
593 873
408 551
525 196
891 524
56 499
465 603
27 764
339 62
323 581
583 483
107 426
438 822
206 274
870 789
357 942
666 76
338 13
42 589
732 221
816 288
999 337
819 919
345 840
111 881
336 645
483 758
86 561
821 918
628 188
702 671
519 63
479 514
172 170
364 39
860 956
955 437
439 604
831 334
7 888
413 33
696 707
539 927
498 139
225 833
888 857
765 327
215 874
657 807
648 565
268 798
124 160
557 588
796 260
549 588
87 413
260 839
968 374
96 816
406 615
616 167
801 913
602 454
731 662
256 672
994 380
920 583
960 692
333 910
201 239
942 631
501 205
374 117
607 9
19 496
386 821
229 59
923 70
174 844
303 936
914 383
149 530
166 464
773 712
310 883
887 702
231 186
718 108
779 532
254 966
70 143
79 119
524 800
727 811
802 734
838 128
344 186
348 916
934 695
462 148
45 980
589 663
71 640
972 690
850 197
392 885
309 656
864 105
276 463
723 414
872 548
305 329
171 288
79 427
525 573
140 541
436 644
453 738
419 430
242 887
628 223
427 971
11 264
717 781
441 91
116 979
475 772
603 451
866 985
665 676
778 461
108 562
380 207
74 126
915 172
973 350
740 191
116 753
462 925
56 92
294 234
721 286
151 599
249 969
630 91
907 897
51 291
624 559
5 510
9 131
468 824
962 363
551 423
78 847
596 914
856 289
218 980
751 620
184 478
517 484
166 274
403 572
758 344
795 206
835 705
681 235
221 290
28 326
969 672
255 71
662 653
974 659
101 813
942 365
475 744
399 946
308 869
278 117
357 516
504 200
302 127
31 839
365 805
956 136
11 795
732 871
629 25
576 411
650 958
745 500
541 979
713 22
571 144
935 915
242 550
206 245
353 647
980 484
664 299
713 231
841 954
370 450
578 831
225 461
932 72
101 370
985 807
837 334
270 705
586 974
592 899
263 308
712 56
16 175
896 175
937 981
257 379
522 313
6 94
82 752
266 507
512 511
418 302
738 999
860 438
863 625
419 680
497 184
650 212
960 988
915 90
276 918
669 73
694 676
555 110
422 91
942 866
707 315
873 583
621 481
699 444
756 788
687 650
312 938
865 21
36 568
978 865
249 363
502 119
375 442
359 730
329 387
936 373
365 453
342 863
260 823
572 835
527 787
648 408
541 627
875 265
161 783
71 260
454 404
37 180
899 41
918 263
828 223
151 428
49 750
891 611
766 589
931 664
163 354
438 952
151 285
852 126
871 434
818 58
896 720
605 322
794 51
44 438
101 547
456 238
475 466
93 927
387 520
329 524
270 899
386 464
25 16
119 816
10 324
345 838
589 560
463 533
48 110
985 771
141 747
806 819
367 55
668 816
176 130
858 418
140 549
402 700
241 492
438 262
258 952
831 341
101 72
43 507
266 415
310 249
488 402
786 617
18 511
189 614
595 735
209 360
851 841
265 46
78 634
543 532
863 88
865 770
389 260
890 439
265 264
549 568
731 653
915 450
330 750
57 942
99 39
514 816
368 4
757 566
558 697
26 598
706 500
984 206
255 313
771 272
437 812
689 655
231 628
467 297
231 256
639 391
14 350
588 839
737 667
772 142
648 436
501 10
238 304
27 846
291 213
866 835
102 273
127 934
334 324
687 95
694 484
552 477
326 984
595 97
79 176
262 368
407 633
818 256
451 313
21 247
98 906
176 64
818 403
372 539
654 853
716 842
509 964
607 799
317 965
854 984
926 437
863 794
778 244
392 519
745 127
780 938
721 902
280 252
355 640
906 16
767 699
551 894
315 918
593 204
849 90
977 173
834 814
707 68
929 66
472 531
803 633
536 92
664 401
703 16
851 869
433 984
416 234
511 611
446 410
599 176
13 557
878 505
716 492
114 346
976 385
66 153
930 590
768 413
60 511
248 647
564 63
213 215
269 357
640 583
535 654
654 40
804 637
182 825
679 431
681 454
724 308
501 125
784 641
287 470
434 6
973 991
79 848
117 397
601 464
819 393
88 189
41 474
878 807
936 107
495 512
773 600
210 880
247 655
486 973
757 78
529 893
434 763
328 330
36 155
771 200
278 840
887 844
859 515
186 219
314 916
228 626
447 720
943 575
267 54
335 943
229 360
546 442
306 739
440 721
581 852
656 693
819 867
570 423
589 329
180 642
905 927
698 451
494 102
441 90
519 179
704 720
798 126
727 76
432 947
159 544
716 675
774 7
578 668
302 772
592 992
792 290
596 1000
43 920
82 958
691 980
564 334
674 794
214 67
824 243
226 661
347 634
63 314
414 264
864 643
308 435
990 691
186 851
1 297
143 612
304 966
247 190
764 260
30 576
434 377
877 35
623 451
352 978
674 932
423 563
688 640
179 55
734 327
645 318
539 343
391 13
193 151
891 888
52 734
643 277
244 582
390 822
361 934
602 620
186 148
531 424
537 939
115 723
147 253
745 840
857 858
399 957
600 244
193 546
966 423
842 145
532 949
684 620
780 95
638 511
550 561
75 659
314 825
844 430
334 444
279 517
961 726
139 190
505 594
362 821
258 256
154 849
467 152
710 698
456 153
275 575
21 47
663 720
171 766
10 304
928 787
338 90
529 532
860 226
291 297
24 492
632 129
51 981
772 69
472 685
180 358
702 551
354 657
816 934
73 835
819 809
912 948
120 87
275 104
167 142
208 965
855 270
381 758
366 282
192 585
393 294
592 234
920 529
201 671
637 508
47 810
229 691
602 447
985 45
970 443
762 825
924 88
874 799
356 522
455 444
682 390
611 52
243 920
188 594
269 62
678 218
465 851
669 573
874 561
781 163
235 105
154 693
459 609
83 461
567 615
509 507
365 887
818 59
88 484
417 754
879 934
201 11
2 44
793 847
116 434
210 971
607 721
468 503
54 154
474 628
299 202
797 768
634 674
397 862
659 995
126 94
348 204
996 672
92 524
253 73
146 773
706 830
211 685
115 725
348 274
955 314
261 485
997 939
120 369
770 875
875 515
824 623
343 41
73 541
517 564
268 394
975 548
104 933
470 148
177 371
328 685
301 280
440 487
959 496
906 204
435 395
734 816
716 747
384 766
778 386
194 221
482 985
307 998
169 905
995 309
906 302
104 210
801 220
180 15
366 310
208 816
65 217
651 638
449 58
178 984
790 819
921 896
994 342
61 909
482 418
66 805
907 857
437 954
683 958
627 447
830 163
502 80
253 565
201 747
950 939
829 505
946 311
714 811
832 178
615 432
10 850
246 196
872 54
611 782
773 611
843 720
836 745
940 555
946 25
625 613
182 495
972 948
944 570
597 720
124 826
642 465
573 327
576 85
771 124
889 146
859 550
272 278
664 568
872 955
510 277
936 972
586 948
330 555
737 288
797 518
599 670
177 361
324 488
419 436
423 484
272 192
769 414
435 950
574 603
501 885
962 489
121 805
859 19
985 681
328 600
989 797
994 937
928 263
565 990
240 617
56 972
630 764
170 54
868 33
691 616
511 755
421 199
905 138
619 762
966 701
213 101
734 729
296 399
223 92
622 882
308 766
517 398
316 193
541 280
514 644
145 47
255 476
906 512
424 98
978 953
676 432
570 519
623 765
904 827
871 279
408 517
378 715
956 230
617 666
687 374
581 287
984 743
783 771
453 172
20 513
93 85
773 909
941 135
724 233
15 782
676 116
328 218
883 392
577 537
728 667
33 635
784 221
966 757
36 378
810 897
98 943
376 813
971 938
91 459
897 188
493 435
745 90
426 536
436 821
772 975
845 175
695 282
629 744
371 792
299 23
714 944
164 927
994 986
744 173
1000 711
446 85
690 815
489 566
117 778
760 599
887 400
824 244
660 858
632 657
895 748
986 136
592 15
248 821
429 672
754 16
835 688
800 75
288 287
491 504
436 399
934 186
353 511
835 707
105 930
365 624
574 330
779 852
213 972
142 456
183 740
790 436
884 535
207 226
300 576
942 371
562 690
178 36
614 119
35 437
662 882
666 369
304 402
657 402
469 660
678 488
349 446
187 463
225 112
188 892
717 679
931 988
590 579
22 871
738 462
683 603
652 98
233 302
508 624
914 805
827 12
279 629
249 596
462 400
951 579
836 229
613 171
626 529
880 737
646 866
578 940
165 858
971 807
755 124
931 399
868 821
966 770
710 149
937 868
422 748
258 837
617 12
621 556
893 327
734 853
471 273
312 134
721 94
797 385
194 246
347 412
721 239
116 727
872 109
673 12
857 479
655 148
677 588
181 797
238 870
593 309
649 491
138 608
289 500
128 378
277 975
226 809
887 60
709 844
946 558
586 501
969 919
307 216
273 920
144 32
679 272
347 811
810 193
95 89
321 948
529 367
88 937
364 110
292 275
679 481
350 41
960 365
32 603
959 625
252 987
273 186
934 817
192 54
819 83
362 490
397 217
861 980
532 884
771 468
60 117
26 133
27 868
466 316
92 646
787 670
352 315
426 990
140 12
602 867
888 282
965 251
224 229
404 28
499 301
253 925
318 107
236 628
311 74
315 399
79 222
562 132
384 260
251 68
900 820
150 319
249 624
885 682
488 493
346 474
571 47
556 313
82 432
859 872
185 841
628 91
784 10
523 471
105 226
361 136
883 15
582 671
812 497
266 413
159 618
751 12
826 181
534 610
997 553
794 919
624 532
195 414
911 380
290 374
111 274
80 78
522 61
385 879
998 558
74 932
511 585
851 34
284 463
325 757
397 680
676 114
428 814
378 129
164 516
493 848
702 28
531 148
329 556
56 372
281 975
496 790
66 853
304 132
378 99
855 727
235 822
400 257
607 22
844 324
761 418
329 136
869 791
823 375
877 268
71 341
386 647
666 663
151 93
135 568
744 607
191 844
912 379
605 386
103 299
2 239
776 474
799 486
156 612
451 652
306 185
186 168
823 508
326 828
852 412
429 61
714 413
988 300
801 272
455 873
885 212
779 715
463 354
230 427
41 416
680 148
976 763
280 770
903 362
906 730
282 336
67 730
340 590
235 400
291 386
384 224
319 496
232 426
131 265
537 79
977 281
46 523
413 796
15 632
676 646
915 582
167 781
311 734
484 151
394 251
659 589
16 697
327 587
724 761
360 44
345 408
769 270
458 665
829 886
132 474
115 258
99 649
371 684
924 942
321 391
671 419
587 940
806 398
276 985
151 735
206 542
561 573
493 18
612 88
796 167
801 255
735 274
387 223
847 884
891 112
14 111
78 886
136 473
737 412
161 634
843 66
271 501
922 639
136 424
160 318
491 428
10 996
762 993
800 270
838 330
586 307
549 909
880 92
867 294
525 148
364 340
268 258
494 947
614 636
732 767
374 645
931 850
771 189
165 662
794 198
805 101
965 127
642 434
914 687
720 958
862 265
742 355
694 454
54 801
755 724
21 152
816 368
429 451
675 439
841 899
733 149
979 781
141 66
68 20
720 619
295 367
428 140
694 147
590 32
858 299
650 477
100 276
919 939
976 803
588 400
146 767
57 40
123 571
264 846
82 557
933 684
207 907
599 225
527 324
379 2
152 308
53 205
570 985
845 353
167 373
817 768
621 506
772 268
938 20
722 895
81 703
251 189
325 606
478 459
311 671
518 683
703 357
763 198
398 853
649 825
799 779
800 187
551 205
565 501
821 539
239 990
847 543
922 706
460 645
689 725
13 19
822 811
291 945
457 409
370 938
390 967
46 165
909 89
912 932
770 801
46 20
249 904
893 591
642 487
606 972
718 522
260 658
529 863
110 826
326 919
356 130
537 679
179 659
400 676
681 565
849 587
304 64
438 31
869 288
730 609
712 940
314 789
292 624
427 923
565 593
90 883
185 157
556 116
149 314
686 37
63 132
300 314
676 557
973 29
684 208
647 476
171 47
246 993
473 55
726 447
929 159
660 25
842 900
682 945
294 299
422 380
489 233
107 310
271 105
826 496
756 625
904 346
263 757
180 53
848 247
646 318
645 126
433 704
236 147
454 862
921 859
632 908
66 846
909 266
877 150
516 124
809 910
919 337
478 227
66 993
86 484
185 622
250 722
562 321
924 376
619 880
695 722
473 530
754 645
724 477
690 157
788 882
761 80
568 560
328 309
662 910
499 300
173 211
451 433
886 817
642 122
926 674
470 750
845 562
2 844
846 373
56 765
337 347
306 726
751 440
365 3
867 907
779 29
264 143
552 657
441 182
115 11
958 589
765 93
875 517
811 797
542 159
869 915
921 776
453 840
555 272
139 800
349 871
812 385
686 670
48 734
102 609
474 200
77 861
557 467
851 842
947 523
414 112
604 914
882 76
561 903
708 976
692 509
398 656
13 919
70 584
803 781
55 716
365 132
538 844
670 575
243 254
38 389
114 535
351 198
562 515
66 850
787 878
493 625
166 345
776 253
657 174
253 709
448 141
840 671
987 976
967 286
880 128
386 785
349 195
296 977
10 803
690 129
107 17
571 398
420 434
481 164
123 875
783 809
185 680
472 363
614 435
463 365
504 114
876 506
325 396
58 265
712 129
872 957
227 870
106 125
514 4
533 792
736 156
917 441
831 519
499 38
462 94
870 431
509 961
861 364
609 499
426 503
462 457
824 670
612 517
404 450
261 455
815 992
525 614
915 950
38 571
755 55
973 84
276 132
868 894
475 876
890 645
872 392
285 227
470 33
716 265
733 741
995 450
426 75
656 776
497 470
886 616
248 940
854 10
765 677
311 773
801 878
669 959
790 313
342 841
403 695
341 910
378 21
696 242
770 649
910 759
312 763
763 170
913 151
473 936
367 903
174 848
734 392
630 41
903 645
80 661
62 517
447 793
205 941
793 747
815 843
60 62
107 81
377 166
235 192
572 65
505 284
115 534
576 4
540 487
874 297
111 578
470 116
775 749
589 876
889 172
227 821
871 68
608 772
360 801
112 627
629 178
137 954
580 490
551 731
737 209
719 929
371 79
79 262
745 318
104 690
304 52
508 332
467 472
404 119
484 293
301 921
241 472
422 631
556 746
617 901
210 469
86 704
626 973
437 26
609 761
81 64
778 102
485 302
28 818
848 494
556 951
150 800
379 148
677 709
553 847
498 955
593 446
744 62
281 800
302 890
251 94
130 827
437 685
460 194
759 510
288 51
397 751
180 193
278 768
476 861
795 932
506 499
863 477
611 396
829 349
26 538
9 840
268 755
808 456
535 687
916 915
958 306
550 104
697 548
938 710
728 142
670 785
197 309
749 264
849 910
373 20
239 309
874 619
725 313
768 260
291 769
255 208
274 593
813 764
639 190
144 109
970 765
880 807
205 588
23 831
482 543
874 269
69 45
974 157
491 351
499 448
872 870
743 93
839 718
76 846
348 235
759 51
500 990
382 286
976 595
349 719
405 205
776 815
410 629
646 864
577 773
872 659
559 925
543 504
581 821
693 395
548 386
72 475
626 926
517 733
572 536
333 44
831 317
866 214
428 256
432 963
972 709
214 587
518 185
497 803
408 158
298 788
285 58
622 381
553 794
54 505
864 949
21 736
401 878
639 986
678 80
203 878
318 720
472 893
933 976
937 405
4 996
92 697
30 528
252 640
787 119
91 514
866 388
977 549
537 25
318 757
765 990
640 659
716 134
52 718
866 375
960 752
87 679
239 972
575 722
464 926
672 403
156 892
639 495
97 796
979 426
140 296
269 908
416 576
407 770
452 574
322 822
767 408
205 927
5 803
514 287
675 916
550 705
629 72
962 941
567 774
36 222
609 244
165 574
442 149
405 15
851 51
581 102
671 320
508 406
35 30
6 909
561 506
304 109
324 96
799 592
314 660
680 771
712 969
513 232
661 16
185 847
184 33
928 673
234 388
72 503
55 662
719 703
869 238
465 216
470 171
966 876
533 455
574 525
811 173
205 150
902 4
317 906
768 248
269 972
772 528
991 660
77 860
977 214
281 879
857 392
964 468
364 648
441 881
852 661
212 564
928 365
506 329
930 439
753 248
570 926
420 537
575 387
100 865
593 832
433 658
513 630
313 536
541 128
47 203
928 75
527 93
597 776
967 106
557 918
652 642
140 127
837 73
856 396
286 787
583 43
5 613
959 740
140 204
344 847
800 450
620 67
178 490
841 314
89 573
439 45
383 423
461 537
763 729
288 773
936 145
956 332
922 76
228 715
562 215
672 635
372 170
761 844
965 187
309 647
422 878
704 443
957 967
101 293
546 402
604 412
736 12
613 474
978 201
941 467
409 706
858 531
604 51
10 70
599 776
121 697
146 518
3 350
169 703
914 766
381 488
368 521
42 326
295 56
133 941
959 17
398 259
772 756
574 696
355 866
686 810
446 15
693 22
91 940
829 598
260 439
407 416
412 26
808 719
844 53
576 699
919 581
43 862
482 466
212 703
213 98
471 942
149 376
895 555
948 929
189 74
122 31
59 211
625 140
273 247
60 217
98 4
951 619
406 420
136 648
390 764
966 44
219 681
511 129
295 852
79 973
836 712
857 755
73 188
273 418
597 753
853 615
594 921
6 555
361 266
785 408
608 773
864 511
24 758
210 33
733 198
861 478
440 614
58 413
976 616
528 213
413 845
249 857
841 786
823 902
786 26
736 913
270 665
471 40
201 400
592 567
591 267
704 677
542 837
319 244
727 219
910 937
142 599
217 234
792 8
356 79
454 692
860 431
128 400
564 475
124 82
669 719
643 972
271 23
470 950
171 500
393 270
659 735
520 383
80 310
229 667
804 959
910 774
919 559
433 873
247 811
606 374
455 350
347 881
667 286
924 487
856 469
506 210
415 764
905 534
635 371
252 801
861 973
143 946
115 727
891 602
469 544
952 710
794 169
796 975
999 208
379 971
766 677
568 534
53 978
79 86
515 774
746 817
305 61
583 422
163 427
898 10
917 286
809 509
296 712
736 260
68 340
659 971
434 618
223 904
225 343
957 926
104 512
780 185
908 326
451 245
896 390
181 388
185 961
846 398
828 685
608 15
738 670
388 625
794 668
376 963
774 197
742 841
120 456
564 665
161 154
620 383
552 981
212 807
424 820
462 544
263 465
266 375
547 730
17 955
109 341
695 498
973 236
405 640
342 37
134 465
561 635
602 153
765 763
893 422
898 946
133 135
800 908
118 786
569 193
181 651
455 28
187 834
259 305
43 678
798 538
285 637
198 454
201 610
666 924
539 390
23 297
523 737
805 503
548 703
184 511
238 566
792 766
244 567
283 501
235 988
770 993
809 29
22 850
994 3
353 137
782 644
273 328
899 44
4 456
761 229
401 324
136 576
378 305
504 890
417 773
549 212
435 460
273 473
239 722
6 327
260 737
870 912
407 882
871 425
214 916
340 343
912 48
880 836
662 908
679 806
188 771
979 120
746 789
999 69
250 580
788 594
183 24
351 727
775 820
434 690
970 684
718 262
543 185
784 280
92 197
348 383
811 625
663 752
561 74
85 892
137 98
552 659
804 43
242 809
670 276
150 540
579 378
392 528
559 944
727 274
316 526
417 163
551 960
849 224
281 588
580 80
431 582
638 810
732 315
660 72
630 970
521 390
974 360
996 224
798 954
968 897
867 422
39 18
705 594
725 543
470 394
327 279
717 139
485 583
124 982
937 496
55 853
231 786
100 866
270 934
194 507
566 579
199 110
40 525
611 374
613 684
961 411
355 180
342 914
36 601
164 406
8 438
968 377
991 496
98 97
121 505
355 402
191 760
304 183
331 493
178 24
218 809
477 12
83 493
321 544
585 851
268 105
861 166
843 487
723 829
706 949
589 796
145 643
92 603
352 73
210 939
563 853
124 933
254 32
145 540
720 868
537 306
76 672
228 603
338 7
90 612
110 611
719 920
410 527
410 571
784 260
380 765
201 406
811 605
12 426
822 127
401 817
147 437
37 969
880 383
216 848
432 829
533 105
993 636
968 814
825 939
275 454
775 365
191 122
734 784
947 617
930 361
368 744
797 247
123 126
786 872
972 67
386 634
170 453
377 767
928 249
639 755
513 199
363 444
532 491
56 420
844 389
829 311
995 51
83 589
765 901
19 393
653 762
179 79
787 908
120 565
192 962
688 967
356 694
495 670
991 357
4 497
464 203
10 882
317 854
818 925
502 338
878 937
771 17
884 686
701 944
792 980
652 276
126 297
405 356
10 596
541 856
410 202
799 340
863 193
993 99
168 814
210 911
410 381
288 913
555 769
232 634
267 45
915 649
142 471
477 468
543 113
176 97
174 492
106 494
200 103
382 371
96 328
858 500
803 429
915 615
609 654
2 596
612 571
689 310
873 17
676 564
971 652
594 365
483 879
124 508
161 110
347 263
449 653
446 89
581 514
30 280
845 397
901 395
64 68
651 732
726 368
108 703
900 713
815 570
489 852
593 350
958 470
190 956
799 982
657 953
895 633
94 280
429 143
598 152
545 780
928 116
74 300
810 376
978 774
134 822
874 695
168 162
973 877
614 829
567 745
678 258
520 188
848 729
499 567
466 340
935 31
535 508
185 784
97 208
98 267
175 509
736 393
753 557
923 503
488 706
197 230
913 701
629 123
701 694
297 656
787 471
974 849
935 542
335 910
855 327
107 551
129 153
718 197
633 435
634 988
512 326
777 614
96 224
86 738
566 56
823 651
829 842
389 505
411 593
500 75
660 36
698 339
772 574
351 299
78 497
246 535
873 637
911 149
218 252
551 146
754 26
682 847
539 714
26 811
302 660
359 925
214 96
859 381
184 51
248 998
588 208
467 580
14 187
768 427
700 942
477 611
591 979
501 365
108 315
661 769
766 778
625 250
330 982
493 650
442 748
459 774
830 795
812 770
428 373
247 959
160 377
661 995
297 304
316 116
779 884
339 973
487 253
89 694
507 643
571 758
43 672
24 883
254 299
202 462
24 994
45 884
796 556
766 710
785 325
36 73
387 911
495 948
712 670
201 159
994 266
441 634
418 904
173 199
866 522
941 92
245 639
301 829
283 862
141 660
110 567
630 451
388 711
813 162
139 117
555 193
825 684
469 796
202 789
846 26
300 924
21 288
902 107
996 274
765 459
41 510
345 384
540 980
994 815
96 606
261 130
972 890
773 359
497 94
406 880
831 49
7 563
449 275
967 945
860 519
275 139
596 813
852 663
134 434
212 566
213 475
35 983
252 311
803 929
74 563
934 405
564 789
761 731
99 476
856 705
375 443
378 141
105 691
164 512
570 527
520 312
596 515
510 460
160 423
36 602
808 499
626 294
170 256
180 185
248 736
523 780
585 743
216 126
529 507
473 849
465 174
866 136
351 848
672 433
245 865
257 573
59 393
97 830
740 512
524 725
320 91
193 451
175 343
201 968
588 716
2 235
740 919
580 844
282 11
139 398
70 154
861 165
607 321
75 624
6 690
237 79
50 174
797 846
358 202
194 811
135 248
984 558
254 176
277 103
893 967
620 513
521 886
944 123
85 799
548 373
93 560
662 680
557 129
225 632
997 970
581 779
324 356
78 271
206 832
967 631
195 456
238 81
845 23
204 353
673 238
266 268
251 966
802 458
472 537
513 773
493 125
556 861
688 301
484 832
195 271
23 157
864 750
4 815
455 323
973 405
613 894
30 622
344 497
640 686
159 910
18 14
790 720
682 57
721 469
463 1000
800 36
649 854
143 698
772 74
589 904
563 327
986 578
937 30
131 211
888 972
10 992
586 319
217 432
183 671
611 192
157 992
651 763
183 950
430 159
359 79
18 613
862 354
573 245
558 155
27 721
177 204
359 220
434 757
719 140
119 976
447 585
374 955
512 942
196 335
508 617
521 347
572 930
186 229
101 502
525 340
893 890
988 82
81 778
63 910
410 540
418 942
896 617
950 146
770 268
497 986
153 310
195 175
399 313
498 452
426 377
375 910
396 893
648 762
24 180
171 455
484 6
67 246
751 64
366 38
852 599
894 600
471 761
138 998
454 596
381 748
830 435
635 201
191 383
912 876
674 903
493 899
369 189
446 267
999 476
13 988
730 158
757 583
243 789
47 141
131 190
728 226
835 710
982 683
255 511
131 729
331 295
45 611
904 845
444 30
601 389
468 148
567 744
810 411
79 818
771 919
710 240
749 662
182 179
257 918
406 49
580 644
202 597
619 182
970 980
109 648
202 314
258 504
888 309
141 397
828 329
373 420
323 248
976 711
663 377
387 930
319 423
230 198
713 232
733 245
241 671
483 678
125 101
951 211
348 260
702 719
259 326
723 304
105 9
33 356
713 458
785 821
755 67
737 476
116 911
694 994
945 568
307 611
513 988
346 7
422 368
775 436
134 324
48 645
517 781
773 147
721 226
99 338
71 213
9 62
172 542
302 661
692 485
768 317
950 597
772 349
375 470
178 558
30 535
273 770
900 185
170 410
208 729
455 942
818 542
431 81
203 478
683 840
558 676
555 597
134 640
538 181
403 841
520 6
458 224
443 668
260 830
145 9
209 850
862 137
293 178
773 760
226 247
639 377
128 407
606 114
37 189
809 172
538 498
282 52
865 133
222 778
351 674
282 423
609 152
168 322
296 791
974 503
567 771
700 160
59 40
405 12
279 551
83 158
641 310
453 496
725 153
534 59
342 542
794 476
428 50
999 293
34 345
771 548
613 419
573 58
200 160
642 399
901 526
210 265
880 158
472 736
569 694
16 594
698 18
94 891
385 387
767 652
91 167
20 233
955 542
542 18
302 983
638 699
911 379
256 271
480 877
198 759
787 438
129 672
991 641
556 777
939 147
959 220
401 288
809 675
905 144
854 93
342 801
968 752
646 425
728 444
925 819
579 615
139 850
127 673
71 195
424 396
740 690
526 13
931 607
883 886
973 820
923 227
197 266
400 36
292 18
563 953
92 359
516 257
741 862
923 257
546 860
508 727
258 509
681 343
560 608
559 274
62 990
229 818
940 859
148 522
887 790
980 436
50 913
287 972
129 38
2 812
956 429
244 495
945 900
271 632
590 862
647 237
583 423
615 988
360 371
358 290
159 279
825 719
536 278
314 332
902 453
689 264
818 190
780 929
767 723
533 119
774 131
298 856
464 96
963 70
384 801
132 455
82 578
726 507
854 300
450 62
667 968
958 222
427 274
213 269
289 341
427 505
990 591
536 210
460 218
552 37
856 559
998 862
655 203
833 257
136 79
763 64
798 705
161 652
131 308
973 613
56 277
973 758
406 345
706 467
815 247
766 835
584 811
456 970
697 524
292 336
493 593
847 518
95 301
282 842
454 413
175 133
847 695
919 10
904 801
373 674
887 694
601 473
231 178
607 279
938 512
351 597
248 330
286 556
378 725
110 944
365 825
663 118
558 152
50 851
823 332
162 734
295 695
520 591
337 389
616 920
49 9
802 585
287 19
76 806
737 100
258 311
611 671
323 839
50 949
489 83
284 197
54 981
161 601
537 445
422 905
671 78
818 430
782 122
718 239
189 995
195 174
710 627
842 651
579 308
615 434
60 999
105 334
360 156
968 987
753 347
733 709
256 503
116 761
764 61
677 594
694 720
8 455
648 794
308 655
22 760
795 952
557 825
338 837
51 29
619 732
566 521
435 57
915 259
40 967
813 820
460 476
99 100
743 695
389 1000
526 171
346 535
83 728
979 700
442 697
60 213
541 615
28 350
726 685
486 646
792 899
710 241
359 29
880 204
199 628
554 901
16 584
187 340
150 88
746 685
84 980
481 419
614 492
210 990
415 61
509 306
284 592
615 18
376 121
411 344
801 648
491 600
845 521
827 2
186 134
103 335
509 20
993 879
153 352
630 34
708 406
157 440
103 476
346 371
522 350
975 728
337 28
661 105
864 875
504 838
914 426
301 522
855 423
695 350
823 645
406 93
251 381
993 698
388 914
685 676
375 770
640 43
513 979
690 232
259 903
886 650
977 238
461 469
973 909
428 546
268 847
656 965
731 411
341 914
627 346
939 182
315 880
669 286
281 768
265 395
712 508
130 795
203 243
313 407
705 661
264 77
104 268
179 378
34 587
429 766
484 639
911 986
961 104
369 809
922 513
78 947
261 939
308 700
592 789
815 175
250 143
732 997
17 38
904 874
465 852
304 386
607 758
400 57
771 474
455 605
205 778
300 947
170 991
121 11
729 324
378 666
951 733
936 42
80 992
652 222
395 847
70 207
440 852
849 648
758 888
337 444
580 520
84 863
784 125
583 391
509 214
400 886
168 466
760 140
462 212
960 191
234 95
253 209
106 184
766 49
92 192
755 768
498 299
387 814
634 911
600 531
73 693
409 44
737 511
684 34
524 443
138 202
394 336
566 26
159 592
769 292
601 757
817 528
342 469
713 711
808 953
401 517
665 612
958 803
583 594
234 821
518 443
852 657
969 859
915 93
555 66
332 505
749 136
481 642
647 899
828 510
843 92
56 378
700 547
867 82
575 365
908 528
321 874
654 84
32 227
929 619
658 107
914 129
917 814
494 703
23 447
796 253
670 706
535 320
331 494
713 949
524 727
616 624
464 781
967 277
148 352
718 677
754 674
297 419
634 124
706 513
943 860
415 980
710 57
953 980
690 13
158 527
531 348
628 705
354 141
94 301
125 345
950 218
867 716
763 815
91 691
145 930
348 175
23 577
742 91
284 839
183 297
653 458
288 227
589 460
145 819
239 183
172 12
508 148
181 362
275 749
223 739
629 620
333 31
997 968
517 414
34 817
968 194
347 143
699 850
756 353
719 671
970 492
410 843
661 274
977 165
122 756
8 317
670 692
181 814
609 309
762 567
562 722
928 141
213 509
730 9
895 753
705 861
688 525
194 474
325 612
688 869
518 705
268 708
913 249
863 117
249 216
538 676
835 748
505 145
251 501
70 843
294 643
482 163
106 631
892 634
821 690
329 300
718 790
60 68
10 881
563 103
175 373
855 487
145 322
559 131
88 308
508 645
714 40
352 735
349 83
41 898
295 145
946 196
675 351
848 173
910 941
832 802
483 942
103 213
966 100
689 248
176 917
304 90
241 753
328 959
77 220
663 565
188 667
907 111
379 476
894 493
202 811
594 473
7 198
300 332
30 125
180 650
399 168
545 340