1000 9904
780 725
151 648
542 107
171 666
157 23
623 132
402 607
631 409
583 538
432 649
217 933
535 855
368 279
8 456
815 455
262 589
130 935
683 209
422 135
189 136
490 921
161 687
770 759
473 237
437 586
245 434
213 243
329 494
312 668
181 950
969 382
714 795
273 215
554 864
558 616
688 998
139 746
861 969
14 558
792 900
128 712
741 772
83 422
157 883
429 238
512 878
505 376
953 780
629 127
775 703
926 569
965 93
396 328
898 6
165 517
296 716
876 575
714 302
1 137
862 638
42 823
228 542
923 534
48 236
713 238
699 79
349 714
980 604
234 282
349 396
521 652
405 825
245 954
671 178
170 72
234 429
128 82
437 200
20 542
58 159
808 724
315 548
779 213
375 876
671 323
51 842
452 395
663 500
848 304
219 956
374 598
252 72
898 876
354 536
119 280
772 712
789 758
575 5
477 380
100 251
588 166
78 662
142 115
143 478
754 251
494 582
332 293
8 115
344 427
1 926
166 164
593 712
226 915
8 194
687 770
635 53
619 584
235 835
363 278
109 806
48 217
610 781
772 12
459 827
670 388
390 891
468 59
341 307
144 785
142 316
240 938
335 277
338 475
49 660
455 604
244 977
932 317
66 669
197 421
74 176
457 8
409 173
466 454
68 406
311 210
206 316
634 315
893 734
261 555
440 964
137 533
908 407
73 346
646 551
573 541
900 819
484 388
693 712
819 901
968 457
785 757
971 922
971 113
8 870
532 603
855 356
824 648
536 316
621 999
803 358
16 596
309 497
974 509
426 319
281 592
465 211
251 846
808 602
699 934
134 151
262 856
964 322
267 562
530 922
898 880
523 325
584 373
358 832
554 341
592 928
26 778
160 220
711 948
420 518
57 836
555 69
543 940
565 228
198 407
553 676
961 415
160 963
624 767
752 260
201 514
878 708
347 21
807 760
782 961
83 546
972 863
914 254
990 941
810 319
919 371
353 312
979 476
799 713
452 548
347 72
974 673
61 216
335 489
890 112
377 35
970 8
52 643
520 887
581 756
921 373
361 640
71 513
537 645
990 489
59 723
83 207
72 860
839 764
210 54
259 804
641 272
218 364
534 453
862 566
900 791
794 318
318 592
724 947
999 331
693 556
16 914
200 79
456 217
775 58
634 928
985 870
177 353
839 860
212 780
794 720
858 399
613 206
313 18
276 130
647 397
228 155
820 967
34 968
555 370
294 282
209 306
262 836
854 290
357 256
270 339
73 950
272 1000
425 640
367 929
8 350
212 998
692 296
30 691
997 138
548 820
204 66
367 534
796 286
119 113
857 280
401 258
975 957
422 152
812 528
946 542
912 658
721 458
170 336
482 94
138 690
568 451
218 580
98 174
209 783
374 67
35 675
822 890
255 452
438 684
447 905
960 428
744 531
621 133
162 802
199 765
899 219
6 344
799 562
434 910
18 721
240 833
149 649
10 705
373 171
853 753
840 560
303 656
112 395
496 554
153 255
778 426
989 98
572 974
954 83
137 851
429 427
361 269
125 380
931 953
793 952
589 542
188 549
814 849
376 829
768 889
862 266
600 716
267 783
699 768
172 128
717 412
384 912
439 698
333 403
726 426
234 616
716 724
714 504
940 268
989 889
665 547
868 126
416 15
623 244
320 95
834 45
673 489
804 853
679 151
699 443
773 94
631 190
800 980
263 940
912 766
397 378
841 976
865 690
126 42
385 941
602 339
400 666
238 543
796 183
100 516
429 954
108 127
515 713
257 713
586 936
792 790
151 45
587 235
644 882
439 278
277 631
926 796
586 417
932 181
496 711
444 383
702 2
46 31
529 199
123 410
759 87
741 916
34 307
529 848
969 25
435 661
798 491
213 868
893 682
305 129
487 665
791 417
262 305
546 612
292 1000
974 196
707 971
286 202
858 635
2 645
777 537
996 491
564 759
693 405
548 392
533 60
493 399
872 296
871 554
609 543
973 22
725 917
545 375
263 460
160 979
414 840
599 645
962 344
411 706
252 440
199 355
165 479
760 635
946 708
817 724
682 412
790 957
419 944
460 284
613 802
616 90
156 37
775 3
517 44
60 457
482 407
804 984
531 128
491 335
825 419
455 424
80 422
173 759
464 517
139 811
47 162
303 20
341 321
786 78
737 516
420 848
791 803
205 429
913 81
914 298
385 322
426 22
904 876
905 565
486 672
879 447
342 708
914 445
59 478
791 1
631 710
357 733
122 306
135 282
58 538
854 598
481 145
942 6
193 517
140 4
107 443
793 854
478 550
338 141
858 884
241 862
24 644
922 229
267 24
613 138
711 790
310 414
516 733
791 453
614 232
651 382
746 48
343 450
435 911
366 929
685 83
962 760
379 534
585 327
398 587
695 158
988 900
256 117
594 15
669 511
997 978
894 298
920 11
849 219
815 954
417 23
592 643
555 265
741 46
431 562
986 391
698 371
477 13
721 178
673 183
15 32
950 645
542 307
384 821
821 483
380 376
751 859
356 926
125 684
311 687
369 890
925 763
708 765
51 146
271 409
555 767
791 839
245 249
696 315
519 993
793 615
818 1
834 473
415 320
383 476
316 395
784 957
692 606
173 165
760 460
139 275
590 528
538 247
318 887
335 191
482 705
999 100
965 20
203 435
987 612
849 635
706 848
84 748
659 774
901 845
832 742
671 87
763 926
177 279
909 606
880 722
225 515
998 134
426 835
638 105
159 272
362 684
185 877
814 86
720 421
739 643
766 308
519 65
759 604
815 862
841 264
998 480
379 272
694 937
988 654
935 401
39 92
927 573
945 248
247 398
13 722
584 658
927 706
378 331
354 378
347 476
354 432
506 375
472 780
401 257
717 827
591 998
276 555
199 73
661 724
151 810
578 114
998 959
692 254
126 662
397 270
866 313
574 254
784 620
329 321
558 594
887 258
134 990
249 154
545 581
140 287
930 921
184 555
683 691
562 256
182 593
43 666
477 107
49 300
465 438
876 311
663 115
461 567
598 684
747 34
782 551
879 993
182 371
888 396
27 276
230 79
380 568
236 948
500 961
138 332
552 306
898 322
663 710
208 504
906 841
634 594
447 299
747 465
897 26
739 226
941 305
229 495
525 562
512 383
567 411
498 448
797 658
501 283
519 165
48 270
547 804
219 471
863 518
494 223
441 977
213 395
360 159
52 253
882 60
371 513
190 71
1000 79
213 302
328 969
450 494
164 870
40 684
114 485
317 320
941 774
13 583
765 578
132 107
902 627
191 456
459 896
421 452
796 176
389 614
960 345
973 872
801 735
34 39
53 826
457 385
511 210
709 562
691 184
250 328
822 978
608 618
425 716
135 905
942 491
102 324
359 111
723 248
926 575
374 616
16 174
642 110
516 619
754 970
384 959
762 449
546 754
432 446
729 696
508 393
625 895
241 770
438 100
444 717
346 187
139 57
675 91
910 923
515 418
375 584
495 692
538 880
116 868
119 583
817 271
945 850
806 669
505 477
682 647
77 79
639 262
669 395
172 869
637 119
52 435
594 330
902 19
725 916
686 650
29 925
18 398
170 213
760 525
65 937
892 26
539 914
588 259
679 84
113 997
336 132
100 229
66 53
817 715
303 320
33 164
457 101
243 727
228 257
161 25
35 911
298 339
672 204
268 575
17 505
680 583
271 388
667 323
122 238
69 549
711 122
731 600
38 480
645 280
334 955
120 515
411 190
900 362
203 857
635 277
269 901
787 568
286 728
179 936
418 560
831 932
481 144
366 725
554 759
168 326
617 633
615 930
317 635
671 860
451 441
487 303
469 800
805 902
426 174
227 882
159 25
508 429
891 336
219 994
71 829
96 23
849 431
576 353
153 464
454 618
949 636
488 732
736 103
868 620
737 996
48 25
361 230
17 752
860 216
292 668
591 344
774 264
613 304
480 660
561 221
207 806
983 130
785 789
860 335
521 575
205 62
358 801
794 637
310 987
901 300
669 256
357 340
329 927
533 305
661 364
846 936
949 647
597 737
481 933
502 797
854 486
878 488
592 49
14 167
138 525
100 888
144 706
311 686
826 766
189 206
132 137
800 29
626 391
511 807
41 495
28 227
127 971
782 12
882 520
575 767
946 301
286 794
108 64
37 204
593 980
79 833
651 344
796 879
246 210
250 273
987 808
344 854
914 414
495 753
810 607
390 903
121 36
691 240
395 799
657 448
710 283
610 480
813 317
634 490
291 175
954 501
97 359
715 564
675 117
672 993
269 621
510 259
940 998
980 558
944 481
563 633
603 676
231 735
987 261
145 816
441 361
816 542
81 178
689 435
375 560
266 68
820 675
128 109
397 428
989 448
67 112
752 952
459 458
330 913
760 871
544 916
941 750
545 333
428 455
96 639
759 716
56 589
959 30
545 318
599 103
929 95
608 410
95 708
422 444
335 859
712 424
87 288
271 169
954 621
683 89
792 747
686 924
856 563
527 408
566 438
386 628
204 211
385 943
193 354
386 22
924 107
138 688
143 641
809 957
412 644
317 203
486 527
30 781
469 307
628 876
938 746
5 561
134 991
623 775
899 221
370 959
648 347
412 580
470 829
162 98
460 888
308 562
70 251
92 327
218 902
168 143
794 207
395 136
14 978
865 50
941 253
177 80
343 679
864 502
2 925
663 336
187 155
116 99
814 996
729 716
125 491
823 110
291 425
243 96
893 998
327 768
842 548
275 669
58 23
594 69
232 286
285 268
620 753
592 558
205 117
461 203
431 919
327 550
828 853
557 369
228 185
897 340
685 717
337 871
526 627
581 524
285 223
677 717
720 160
389 161
229 930
844 193
546 985
39 417
721 266
647 550
319 689
748 613
490 885
163 734
285 25
494 425
638 697
265 333
285 914
645 146
350 168
188 323
939 509
256 823
956 856
377 511
231 492
227 637
507 524
288 690
865 402
518 962
26 260
496 177
213 978
454 420
899 57
611 227
888 604
226 351
338 389
355 845
908 825
691 187
396 944
141 166
948 522
461 585
466 481
749 546
578 313
187 473
960 199
852 477
158 586
453 374
148 484
520 623
882 889
154 821
905 987
447 616
598 824
15 884
349 342
442 104
402 998
561 470
871 241
379 671
275 584
811 522
719 909
641 463
257 454
542 793
564 753
769 419
720 479
721 938
722 133
926 11
216 782
752 960
215 960
664 54
323 355
660 34
988 631
682 934
366 455
973 229
197 463
100 23
615 512
564 235
25 670
601 959
87 488
462 872
458 440
39 325
191 414
179 382
330 766
338 805
618 793
30 939
144 630
386 687
499 842
252 638
588 960
816 370
180 796
550 396
153 49
607 181
420 161
643 292
65 310
411 302
801 762
19 677
149 606
810 632
169 368
689 633
176 532
250 365
767 384
145 271
697 810
936 46
793 683
336 842
428 991
13 272
876 376
440 856
221 173
872 827
192 732
338 139
325 565
583 387
54 887
408 357
563 751
305 163
596 555
953 527
25 28
784 266
228 573
84 569
766 53
34 338
76 761
684 504
647 132
614 121
617 811
391 970
859 866
16 568
237 586
647 820
224 827
754 366
119 554
393 802
929 336
472 741
696 129
385 390
439 591
868 835
860 511
897 355
220 606
574 565
668 554
394 303
640 11
34 790
54 477
882 242
388 769
561 527
356 157
108 622
881 298
572 457
368 707
294 223
901 461
316 611
192 561
305 442
395 63
891 241
662 293
621 296
939 295
78 753
415 782
289 430
367 733
842 529
165 8
118 349
854 193
952 841
271 411
493 616
689 646
45 543
744 570
39 941
667 76
961 815
321 648
164 299
754 734
205 810
900 734
559 59
176 560
778 890
348 790
784 974
700 210
154 250
676 417
818 165
508 579
35 85
393 531
902 88
489 122
987 407
715 900
954 212
627 95
439 796
480 339
220 365
885 621
638 111
78 357
548 371
608 206
384 24
355 575
177 759
234 480
881 539
203 627
440 287
9 270
483 451
447 100
103 710
507 473
458 655
650 119
367 829
310 983
899 886
690 830
626 128
539 795
319 783
378 457
143 125
40 690
407 440
809 642
994 670
960 530
743 825
940 637
856 675
30 592
514 889
203 788
260 543
259 308
425 26
543 786
640 6
542 103
825 473
311 546
576 593
151 149
339 685
67 133
948 273
485 446
57 688
225 923
153 561
355 439
840 853
731 816
516 204
701 88
994 194
98 399
460 746
580 799
174 968
446 941
827 942
295 844
607 425
735 740
583 293
749 573
964 520
697 866
434 819
223 270
577 756
128 586
887 979
819 691
418 744
590 558
258 385
888 398
706 771
176 826
749 863
609 52
2 922
634 737
102 11
200 31
988 40
419 383
276 476
851 352
984 959
72 89
407 740
370 290
138 428
395 343
759 258
530 877
802 6
788 85
402 760
665 262
370 4
557 368
726 425
146 757
973 192
904 473
557 385
501 719
126 901
546 114
285 222
898 823
132 311
427 373
191 276
290 551
682 229
644 340
523 543
138 627
268 902
489 861
716 155
278 474
761 518
62 381
729 32
154 878
242 561
38 506
80 588
703 508
726 823
430 368
838 285
956 968
728 151
714 150
931 106
773 958
26 180
598 492
467 90
183 878
495 552
282 635
802 644
340 315
272 171
496 585
391 178
908 24
233 394
231 947
533 901
421 919
101 387
89 115
270 944
179 669
556 441
728 578
513 362
112 743
940 943
737 261
413 809
414 2
452 209
842 601
349 631
881 772
427 917
414 173
487 969
806 659
202 843
647 65
209 93
997 12
466 580
767 598
950 402
402 732
699 926
355 708
651 787
357 318
124 31
198 882
505 866
261 56
869 467
923 847
308 69
401 429
493 63
703 92
155 730
907 587
506 314
218 374
464 730
462 885
682 395
910 457
803 795
553 588
973 599
612 233
8 119
688 713
554 46
57 526
977 685
444 828
292 262
679 410
937 207
62 488
503 558
820 284
17 25
700 378
166 442
294 719
776 346
601 491
641 844
291 855
131 958
773 627
102 407
133 721
164 62
3 248
23 229
844 683
529 160
988 323
19 898
413 634
24 647
888 454
82 133
672 967
931 114
935 938
745 364
410 559
943 763
489 46
182 91
755 775
665 51
849 318
677 959
432 186
617 81
546 906
21 440
134 105
51 829
489 328
93 598
210 402
285 100
416 509
306 897
73 922
147 383
459 433
920 957
686 676
443 883
768 241
91 810
260 309
208 14
426 93
209 347
180 108
934 317
982 41
985 379
254 660
890 440
392 35
639 711
160 79
821 790
753 64
350 214
218 39
174 608
636 795
907 853
468 901
839 406
50 204
965 588
217 300
218 543
415 452
934 249
982 136
507 823
128 312
37 202
566 903
438 998
499 756
122 341
303 760
325 80
1 442
588 602
45 849
250 497
272 243
609 190
624 227
461 737
207 923
904 444
770 1
617 740
979 909
104 561
722 603
31 32
783 977
272 401
534 473
112 720
704 436
872 566
7 158
660 423
361 341
902 300
765 134
413 785
784 395
627 221
510 483
709 10
410 805
450 278
648 709
24 95
522 226
122 654
85 848
569 325
396 807
570 246
533 482
519 211
632 419
206 762
172 958
230 92
433 800
617 548
379 204
579 13
855 840
327 499
440 237
369 57
482 376
692 475
695 720
367 643
321 47
735 148
615 85
421 92
26 524
479 490
139 201
929 665
716 2
937 246
338 637
438 98
122 36
382 626
53 690
470 339
210 579
875 319
268 295
214 672
662 755
88 138
141 128
658 874
182 596
273 264
629 501
97 204
889 88
231 57
975 356
8 513
496 558
251 333
795 316
46 118
304 369
214 980
783 791
898 63
93 937
41 534
427 637
980 359
448 560
231 799
399 755
571 130
371 168
873 366
106 71
604 458
683 856
741 687
651 187
998 214
983 870
271 602
978 162
851 464
870 412
179 34
196 251
902 411
816 984
854 608
716 577
169 642
410 936
124 500
825 975
191 134
977 347
216 594
967 993
859 248
879 245
922 492
484 867
214 92
108 695
990 557
464 767
375 459
503 182
674 926
658 379
161 305
91 560
592 251
331 97
858 848
122 870
484 577
300 421
520 503
939 511
212 331
715 84
308 678
919 326
49 530
748 148
969 705
438 652
203 265
853 500
64 241
562 336
960 184
455 631
495 698
259 152
903 739
887 656
374 333
7 211
1 625
572 136
884 650
456 995
406 200
796 960
339 23
158 569
909 223
399 817
736 385
771 417
386 188
779 703
931 637
10 30
221 248
723 106
938 658
317 709
378 564
814 774
543 204
176 950
849 465
245 532
695 182
917 104
499 153
194 953
711 892
718 124
738 774
885 725
677 909
181 222
518 183
295 106
116 517
750 316
74 805
312 146
354 533
595 721
100 17
265 60
467 96
630 641
441 867
68 582
329 706
184 59
176 516
460 280
777 42
548 991
553 691
648 217
173 866
504 711
799 525
344 432
744 689
970 319
535 334
305 955
203 420
903 801
136 363
625 323
628 934
75 878
807 561
331 504
481 459
869 840
487 245
783 568
127 82
607 422
482 983
948 744
164 63
603 782
657 362
144 67
978 354
206 257
888 344
119 992
580 951
383 747
227 887
818 270
552 382
685 62
393 582
579 218
124 632
42 935
205 473
101 152
447 364
603 714
968 93
676 662
608 36
741 328
462 363
638 960
567 476
789 962
11 334
181 794
603 909
298 253
850 707
765 436
345 313
753 404
146 314
807 179
479 834
798 818
454 516
978 462
220 894
875 903
869 327
483 20
319 890
488 24
228 795
472 803
492 350
535 922
721 336
962 90
545 19
517 12
114 699
142 195
218 621
458 188
114 522
706 454
105 981
895 910
299 821
818 799
948 25
417 990
197 499
628 553
519 842
757 203
580 692
198 493
93 211
974 580
466 423
28 674
603 874
315 262
455 861
25 476
758 862
171 753
585 180
296 357
256 25
149 963
300 177
943 553
140 778
861 496
609 415
438 35
723 424
439 798
225 406
779 421
780 890
12 460
54 115
622 867
85 807
109 884
177 356
271 758
437 154
613 537
34 86
563 268
665 296
302 907
569 324
915 816
114 27
480 913
293 24
379 133
803 615
146 286
384 727
739 613
960 886
461 407
890 763
864 742
796 283
688 436
446 388
90 957
125 731
683 235
352 334
541 201
232 284
668 831
584 628
364 900
177 469
501 301
468 922
456 866
682 432
295 928
463 865
672 102
526 65
434 169
831 504
221 303
222 24
978 938
357 486
2 340
757 830
279 160
321 618
819 407
787 629
202 447
64 436
797 659
784 925
948 672
970 952
420 473
663 399
745 632
287 139
110 810
93 936
477 265
371 314
637 555
714 683
215 501
605 13
721 528
775 887
137 935
415 696
563 553
625 800
385 177
264 560
685 6
989 599
928 773
323 989
569 279
552 709
112 844
738 752
738 985
45 376
232 257
160 750
15 672
255 102
203 640
612 556
281 610
72 532
911 410
197 734
953 144
846 197
99 576
669 340
67 254
693 350
513 968
552 936
451 718
402 777
100 126
162 935
795 36
833 452
445 790
212 519
379 30
363 629
716 439
923 361
360 420
35 919
877 900
364 857
215 846
809 764
222 331
795 945
599 475
485 791
52 910
970 393
554 72
705 283
832 442
458 244
579 548
359 308
302 123
757 865
905 540
527 957
306 19
662 668
476 359
974 738
331 428
938 604
637 892
351 357
856 253
16 388
415 260
743 847
18 558
420 110
224 359
611 885
316 335
83 428
266 628
339 22
965 950
162 563
732 967
680 58
420 509
846 994
174 140
653 217
231 941
547 402
415 58
515 136
594 883
794 81
932 487
528 395
853 867
784 310
789 203
963 344
674 285
983 773
96 365
43 310
158 5
440 362
650 485
907 286
945 679
507 274
380 28
57 487
169 765
976 251
869 64
60 990
15 346
937 736
330 662
965 16
946 878
323 501
200 584
330 539
80 238
109 68
428 680
747 906
747 174
806 349
609 877
540 809
246 270
838 962
730 203
22 671
721 388
835 483
355 130
458 153
204 869
297 29
528 911
838 748
276 368
507 850
753 900
312 702
244 569
316 158
155 24
431 191
566 782
880 1
919 218
875 815
839 867
183 735
274 537
59 469
421 710
952 234
265 810
766 636
88 323
415 504
36 331
900 628
280 533
888 746
430 223
154 945
70 198
833 101
222 925
727 736
840 476
803 208
679 937
940 879
286 265
135 1
344 698
989 214
556 415
350 170
885 485
867 806
272 460
859 758
413 895
410 604
964 27
729 954
16 571
517 661
699 222
955 328
333 116
261 471
635 732
542 888
470 823
931 291
688 220
485 282
967 650
834 296
531 213
845 106
818 741
388 893
877 665
336 213
636 448
912 910
534 857
207 855
578 329
463 761
639 880
293 282
547 46
800 930
716 78
493 835
956 573
399 805
759 40
973 714
939 454
330 996
286 911
776 233
861 599
710 278
748 221
676 386
195 101
866 112
614 754
154 436
778 810
343 160
516 952
676 273
714 172
2 224
867 390
706 536
581 412
253 571
170 598
862 117
724 699
405 455
451 409
713 78
552 550
805 934
918 143
477 341
499 389
68 150
361 420
694 358
524 225
229 357
144 892
860 9
276 426
495 38
480 709
963 272
710 527
896 247
181 371
310 153
222 130
314 340
709 52
263 365
432 823
368 949
167 913
342 409
18 180
427 253
376 739
244 987
768 223
885 942
686 817
290 542
954 617
706 150
748 637
216 406
967 797
952 10
679 233
170 943
423 943
959 841
526 804
363 805
102 418
756 851
316 864
230 986
568 457
700 734
802 450
743 536
465 520
528 983
909 326
906 475
273 236
372 46
240 921
773 663
316 70
291 874
691 50
734 116
628 927
478 310
724 426
28 481
729 276
69 283
991 540
247 668
303 670
449 790
823 471
143 863
496 544
117 176
942 67
610 426
303 527
845 652
737 3
149 885
41 532
905 931
781 498
598 784
585 87
582 107
1 166
348 27
233 205
848 70
167 710
719 949
498 283
686 294
817 149
124 673
505 929
970 637
609 299
301 909
30 213
12 576
627 187
131 681
101 32
327 457
988 760
310 788
973 108
522 132
733 684
385 636
388 821
707 17
881 386
90 53
91 788
460 103
561 596
194 23
964 535
659 195
588 363
237 83
811 396
78 701
282 754
998 882
89 228
679 141
611 299
39 306
441 551
351 108
728 461
407 722
535 562
632 893
340 130
394 806
401 2
230 593
800 200
874 90
855 658
142 299
878 625
883 905
735 936
548 970
213 990
936 423
520 166
406 95
946 64
605 477
509 488
36 968
738 254
222 791
6 736
473 155
253 995
201 24
754 884
810 674
687 280
339 134
567 822
989 64
58 354
103 246
784 152
948 987
220 50
239 278
906 647
563 516
570 360
500 849
380 831
287 674
826 48
944 139
552 727
358 637
289 90
552 960
203 572
845 69
332 152
711 649
426 213
265 209
68 674
472 555
364 521
807 137
683 391
797 403
858 99
180 395
346 959
437 356
590 346
732 982
299 271
607 862
753 200
769 611
75 292
407 509
298 764
13 614
344 259
142 122
398 224
860 859
644 280
38 59
866 408
960 691
388 478
887 50
347 825
723 750
351 209
522 591
619 577
356 569
451 979
88 951
2 507
57 636
757 979
443 663
361 994
912 510
607 177
101 992
411 290
947 148
452 606
741 414
923 143
178 506
163 274
199 592
349 99
705 459
870 911
616 826
547 946
892 927
362 254
733 413
457 130
511 467
690 496
893 727
984 685
889 880
688 673
746 939
836 387
585 111
324 197
76 870
867 125
500 300
637 323
464 778
223 870
668 913
404 330
393 725
112 917
186 388
812 80
765 80
582 622
125 241
676 743
572 560
983 14
966 856
441 931
703 927
975 986
898 843
868 941
829 215
467 780
267 696
171 123
278 110
27 500
707 374
854 507
482 17
659 251
218 329
899 552
121 34
41 304
811 468
138 566
472 212
56 403
973 632
886 827
687 702
924 944
104 511
360 521
805 271
207 485
208 589
320 183
563 373
636 901
51 9
600 269
911 695
109 771
809 981
60 201
188 502
151 226
652 517
465 634
818 797
268 318
586 257
295 768
246 215
999 815
161 827
456 693
990 182
39 830
667 241
944 602
173 264
417 830
149 751
940 558
98 713
652 250
357 588
174 146
123 870
931 821
675 702
258 441
22 454
7 278
62 967
379 893
694 500
913 627
453 330
795 274
996 587
614 142
318 603
194 733
665 12
11 142
180 527
863 778
365 45
186 408
812 52
544 826
372 451
979 605
301 569
531 548
38 564
919 917
224 586
668 667
564 548
996 783
358 517
896 22
57 30
665 735
47 703
764 163
546 106
837 953
682 890
924 979
213 276
985 299
983 368
967 911
143 121
795 550
762 620
156 244
969 895
470 284
887 825
330 675
39 265
226 880
528 810
49 37
904 562
521 107
248 663
123 361
913 241
109 854
669 724
28 220
982 645
251 397
754 540
916 883
961 158
601 439
231 340
107 202
292 424
184 561
59 431
222 169
539 121
210 721
562 314
982 615
253 621
698 714
439 440
900 702
89 4
822 635
776 627
952 134
32 707
35 228
577 930
858 822
548 46
201 349
382 676
903 188
297 55
824 873
396 642
509 7
441 287
996 623
67 309
895 548
817 150
242 789
357 36
289 972
596 602
774 213
869 217
941 700
52 421
504 562
811 848
775 309
816 938
51 743
289 46
812 318
228 53
379 163
897 472
964 62
846 997
872 96
467 708
730 66
327 464
93 416
590 494
476 552
743 968
482 220
731 340
643 726
19 208
29 503
217 79
740 285
635 33
999 512
627 895
610 865
994 384
5 655
339 845
394 221
805 424
364 136
293 782
638 978
814 478
796 829
155 175
193 272
838 416
610 67
406 92
471 473
763 419
509 487
753 585
408 624
724 62
837 166
639 173
767 120
129 298
810 675
49 624
957 688
945 136
413 658
514 191
112 573
517 532
541 930
505 610
519 707
97 312
633 350
686 208
23 33
328 643
633 463
852 683
745 261
272 619
58 52
332 955
79 414
907 387
102 789
577 442
253 407
327 624
111 41
811 815
849 240
873 250
780 610
638 826
567 362
642 607
435 393
232 29
473 277
350 589
851 700
105 418
582 956
551 135
844 147
919 675
425 299
796 302
545 106
583 758
802 379
989 967
481 524
541 30
9 949
711 338
863 407
631 155
388 479
818 122
856 671
599 505
213 46
531 137
540 969
338 689
31 726
490 628
36 696
536 672
810 323
381 146
429 919
545 918
984 114
913 74
877 281
862 119
373 74
249 84
145 369
697 956
277 404
444 171
525 206
943 835
550 355
226 495
121 131
16 113
325 9
115 989
166 735
106 248
380 527
898 226
940 873
178 364
961 642
908 399
107 734
241 800
913 743
353 690
444 751
304 26
384 130
268 139
489 419
972 568
112 918
385 360
869 128
392 540
971 370
432 458
327 596
897 245
497 873
565 828
741 454
941 644
896 645
181 928
313 216
984 652
997 270
68 534
640 447
270 238
623 196
538 2
20 465
557 598
687 603
764 126
947 646
401 286
422 116
501 421
229 630
434 350
367 728
407 369
467 474
998 906
88 997
622 870
381 908
222 400
403 534
832 484
282 571
174 727
140 483
433 623
87 862
719 11
915 444
745 982
852 862
781 358
585 637
508 916
658 243
967 383
153 969
575 586
173 502
154 849
456 694
809 246
830 540
429 157
552 144
951 312
150 25
248 167
211 29
634 241
162 619
219 614
291 85
311 14
538 254
672 904
505 681
59 78
701 755
103 313
654 699
399 520
862 574
918 892
410 527
508 318
492 987
953 415
594 91
699 106
512 362
932 543
721 868
599 799
357 400
485 171
200 341
884 423
171 468
797 312
616 358
750 264
309 78
863 555
419 642
918 696
522 113
741 75
87 329
215 884
329 957
806 441
323 942
938 257
497 119
336 179
626 12
661 507
117 951
778 129
462 774
946 647
319 667
566 392
972 119
618 971
930 329
732 463
133 340
528 954
599 417
32 169
967 61
424 451
411 207
819 250
639 453
285 682
969 553
787 920
615 604
504 992
801 564
805 4
933 479
222 174
463 128
121 89
918 476
260 542
407 857
598 564
411 410
165 647
923 487
466 390
402 456
35 231
774 654
689 870
727 682
323 672
141 495
415 208
953 729
41 683
188 590
417 902
656 504
289 737
272 497
770 400
497 582
295 284
888 224
327 911
110 357
935 332
189 874
634 831
521 633
891 481
671 487
778 507
707 19
564 424
545 726
233 664
986 70
678 656
192 706
863 533
522 996
800 782
307 814
901 763
969 290
937 427
864 645
259 691
575 121
392 16
891 188
618 924
13 576
450 826
605 998
787 105
31 898
117 57
501 413
798 555
782 172
655 422
568 120
127 503
164 579
178 867
89 388
957 11
740 749
778 910
414 905
735 938
807 521
335 312
139 741
166 482
5 928
391 395
250 339
487 438
490 322
733 262
205 934
697 784
457 27
455 512
757 128
690 123
452 794
434 829
842 142
182 423
224 233
315 2
813 383
118 757
728 809
610 423
953 644
220 157
59 25
885 157
888 431
708 917
836 823
283 977
33 934
589 681
534 42
187 189
885 270
710 683
495 235
116 252
745 260
673 615
768 74
107 531
811 913
977 425
206 997
577 791
449 624
954 629
968 180
591 498
243 352
850 840
391 642
964 192
487 853
401 646
633 196
720 356
204 333
167 91
205 228
371 708
674 109
731 100
54 459
940 488
246 611
105 417
379 78
271 251
747 188
722 560
562 861
670 272
394 535
720 17
665 944
596 652
203 122
664 536
322 324
290 806
52 796
498 1000
649 838
10 988
31 614
531 358
520 245
120 633
189 126
286 688
412 539
487 241
948 581
956 88
957 497
26 149
317 479
572 891
822 945
611 914
171 769
736 417
520 930
743 230
681 623
489 247
521 770
608 875
439 129
131 720
846 729
232 559
598 862
159 6
740 356
144 357
862 579
976 670
427 726
689 63
817 66
102 980
436 552
914 904
440 555
93 655
958 749
543 61
453 624
234 359
858 581
688 64
706 401
91 3
863 929
718 92
152 445
33 398
482 440
419 745
204 369
42 340
993 732
975 932
800 616
553 864
403 93
322 384
621 839
830 845
591 869
939 140
464 300
673 56
489 911
899 554
38 202
367 618
833 306
265 571
714 535
554 150
887 16
543 804
674 565
35 801
930 683
757 941
739 9
213 178
431 239
809 987
582 525
478 206
260 773
687 926
834 446
339 772
981 189
303 929
839 179
752 27
606 202
4 258
9 620
819 447
322 765
287 381
514 467
291 886
753 647
771 32
40 54
361 766
268 30
783 649
914 270
447 968
391 682
656 255
31 777
567 971
842 198
201 214
58 681
188 29
767 355
49 26
124 954
59 397
567 888
269 533
257 245
242 525
314 910
187 116
831 679
618 176
819 635
567 233
35 40
404 243
847 137
963 388
637 357
802 794
140 661
346 398
236 878
439 907
98 779
403 786
395 289
270 655
328 796
183 390
38 638
671 381
107 872
591 614
367 202
794 584
582 731
454 698
401 590
254 632
209 297
156 464
27 869
381 619
38 788
556 849
722 617
429 841
281 853
545 416
766 626
384 602
907 918
990 709
222 339
523 582
448 316
798 716
839 480
252 734
60 393
242 484
170 345
947 283
786 127
271 453
679 456
632 979
304 810
179 90
202 217
106 796
627 856
41 93
209 919
636 538
396 233
568 298
36 832
130 285
122 566
810 427
207 281
745 834
637 852
140 230
841 375
897 549
729 492
885 102
5 988
504 191
76 206
457 207
19 848
940 524
408 389
886 368
514 217
515 144
206 381
390 644
445 799
289 631
371 425
698 925
510 215
976 727
478 881
980 467
999 273
361 389
234 157
396 700
881 846
789 179
665 125
334 80
872 535
484 325
987 358
970 632
96 325
154 621
695 655
968 153
146 973
958 564
445 735
962 427
745 73
826 138
494 116
955 181
82 650
775 733
803 694
329 975
533 257
77 901
155 583
601 571
869 360
108 753
761 957
263 641
86 44
752 520
414 631
254 484
140 852
777 49
209 567
446 420
85 236
34 570
623 364
860 882
420 583
937 315
260 40
522 711
796 490
817 897
460 310
70 643
199 37
437 592
645 155
848 793
467 405
808 439
683 220
520 75
222 744
302 321
50 294
80 311
201 850
153 487
661 978
246 226
726 696
205 795
994 224
1000 785
175 275
568 693
12 286
679 675
663 62
421 703
944 612
547 449
586 57
549 179
866 793
432 295
748 341
469 788
790 22
918 219
97 461
813 399
906 563
305 184
785 630
439 813
499 126
266 805
693 762
875 747
694 301
417 439
310 48
906 789
414 4
551 637
128 189
989 400
958 577
450 296
489 342
704 459
953 327
503 476
917 228
918 519
397 832
180 368
898 755
994 464
501 828
746 409
603 48
34 781
171 305
716 753
350 563
425 408
536 633
342 55
532 227
221 830
963 240
318 60
691 514
433 790
184 192
493 970
494 477
47 855
882 736
548 369
170 300
159 933
56 506
141 773
956 533
230 603
886 978
146 151
22 514
688 862
799 846
725 54
40 829
682 372
973 691
669 666
964 970
148 835
972 493
331 511
559 233
134 926
799 620
554 989
115 641
791 24
153 924
407 787
31 903
70 171
25 346
802 674
16 115
221 166
97 120
461 759
267 848
318 832
944 671
671 836
999 123
141 421
480 363
771 882
952 648
996 707
634 688
949 723
70 484
366 575
22 283
903 134
182 93
211 703
630 925
197 624
509 958
771 673
298 729
708 12
803 272
76 470
771 718
632 286
580 884
391 737
506 535
43 52
620 817
815 818
963 999
547 740
916 439
835 161
432 764
18 381
436 28
562 894
928 380
824 189
557 741
959 849
251 132
832 948
332 199
901 232
743 867
544 443
798 608
344 401
145 160
454 170
181 610
147 686
539 368
557 903
14 386
934 243
57 669
563 231
710 266
258 227
847 679
39 938
614 758
266 726
908 873
770 838
623 856
771 35
391 466
304 508
624 181
533 741
491 878
700 122
22 106
540 403
120 884
33 771
363 702
144 420
954 509
221 138
793 825
166 789
124 955
784 84
178 659
1 350
975 470
172 481
29 616
836 776
162 331
453 472
827 71
618 192
305 337
179 767
388 680
393 758
534 942
55 346
205 73
152 107
52 460
213 464
593 160
542 235
284 751
985 526
877 969
312 224
185 86
494 200
25 573
834 829
467 956
820 888
531 775
949 28
798 787
640 413
513 641
878 29
437 345
419 994
623 985
639 784
824 89
352 874
99 487
282 525
901 204
649 163
339 11
804 537
507 907
273 87
75 207
740 715
227 280
502 130
251 398
40 245
60 575
377 84
875 309
178 95
966 140
881 31
735 961
97 853
792 947
460 737
724 438
999 844
654 345
198 650
222 273
849 419
830 574
395 819
857 764
931 837
509 433
917 666
709 472
712 628
892 962
383 729
116 452
851 11
64 343
887 857
653 257
547 258
853 775
699 463
666 188
820 462
599 622
232 616
513 372
675 422
306 575
879 718
461 993
888 115
529 541
609 303
430 589
48 473
341 684
286 103
64 579
953 298
203 647
612 553
424 503
815 916
67 292
500 543
357 434
910 872
241 345
350 709
502 512
393 972
546 26
358 548
949 207
843 580
346 52
95 659
665 696
7 985
800 657
430 166
843 725
626 223
128 286
973 330
831 124
707 418
564 345
30 661
858 58
215 651
130 779
863 303
665 986
579 892
428 848
621 489
294 105
167 501
122 864
322 382
749 69
296 349
539 395
443 542
83 631
835 548
865 569
293 48
776 214
151 182
438 646
203 271
496 275
149 284
959 732
32 917
203 693
813 603
213 587
714 224
801 816
954 450
738 365
693 807
857 585
326 900
397 136
376 563
272 320
441 463
171 594
816 269
563 520
475 248
646 705
392 660
655 701
323 956
86 775
772 895
64 960
138 75
696 567
417 144
864 871
869 250
228 246
484 88
980 889
180 369
454 497
598 222
464 36
637 255
30 471
488 426
234 690
207 969
116 690
127 110
74 958
682 979
703 407
318 61
756 672
878 142
569 97
14 660
938 86
167 264
833 340
544 289
993 754
496 194
449 220
144 622
143 336
772 96
703 392
249 383
302 499
620 282
251 473
507 947
312 579
9 741
247 909
120 853
89 279
687 117
913 463
783 518
485 465
973 916
978 766
335 399
212 186
930 318
70 168
589 920
793 669
649 695
598 651
956 184
541 786
67 579
747 229
491 931
478 703
338 18
207 872
202 549
44 192
137 994
745 341
266 198
418 13
76 753
257 393
370 274
533 611
341 755
324 487
38 701
898 434
906 921
366 137
594 404
521 177
155 992
552 928
446 176
859 137
35 168
688 319
860 533
437 324
977 855
856 544
643 642
60 624
868 143
816 546
856 719
838 547
658 445
90 267
518 721
831 334
482 433
288 81
889 771
855 624
624 746
715 133
97 622
95 175
499 814
960 300
388 333
942 620
598 210
985 143
198 172
977 960
972 387
666 626
300 724
654 211
524 57
253 252
178 11
72 538
235 70
532 794
771 34
349 210
683 734
429 154
732 533
642 269
880 768
663 97
131 784
733 237
231 99
13 300
295 646
921 243
508 381
203 56
304 219
305 118
169 138
258 292
279 606
84 758
747 350
585 15
452 114
456 117
76 646
58 393
496 886
704 395
813 103
215 205
474 377
276 439
632 93
817 253
486 480
676 688
608 198
826 5
275 761
422 632
629 624
301 565
414 236
863 903
738 968
777 936
225 763
172 806
218 599
930 150
327 714
440 406
114 21
764 191
121 939
285 242
271 3
256 504
938 268
422 437
581 895
507 63
843 697
772 651
790 883
791 558
943 339
503 344
605 816
770 743
960 353
386 764
4 51
846 734
705 986
506 95
434 208
87 654
271 455
647 872
905 409
190 749
620 354
105 955
866 190
895 825
108 157
59 419
903 756
154 405
852 236
926 815
567 523
326 255
240 892
244 796
961 956
466 498
545 701
969 409
897 596
933 318
282 480
12 57
679 927
386 322
580 436
67 539
638 326
14 842
183 81
900 879
233 176
196 460
876 606
572 807
242 702
889 925
748 260
289 855
966 619
71 909
917 93
902 259
154 619
621 787
654 948
769 94
110 360
737 450
524 388
341 540
877 570
750 696
78 373
778 811
603 470
345 458
668 618
545 465
472 963
347 389
556 823
830 466
7 617
747 932
878 62
459 92
649 508
744 177
716 60
75 396
11 626
277 469
646 467
584 918
520 510
244 700
649 222
99 147
562 617
514 708
660 570
863 93
133 454
563 177
397 81
843 225
964 411
147 598
794 816
248 405
890 76
49 612
232 773
97 880
708 862
191 950
654 314
738 251
916 358
444 370
357 575
232 333
975 107
425 587
923 452
987 521
438 195
330 456
956 260
595 444
525 281
840 309
953 762
25 15
291 332
20 790
186 122
480 275
780 824
968 40
862 900
29 881
452 360
700 784
292 753
445 737
561 824
409 571
716 668
932 929
717 437
275 414
96 577
370 32
775 277
183 27
845 974
238 138
664 477
4 838
155 722
927 652
640 326
633 743
61 772
83 820
527 475
916 610
332 345
912 725
256 893
810 188
667 349
143 47
856 274
105 994
473 838
771 299
644 59
442 767
444 65
83 643
672 420
545 938
782 937
759 100
277 559
373 86
635 303
174 921
268 486
841 444
391 32
161 650
774 920
780 265
377 252
415 486
993 474
49 354
664 641
330 413
336 978
282 472
447 550
770 430
884 907
666 66
462 33
746 916
698 851
991 870
928 980
140 748
524 330
216 981
37 965
491 655
777 546
81 221
246 817
724 641
180 679
765 476
233 827
107 798
73 898
220 599
168 938
522 89
462 524
302 993
305 573
548 693
20 366
901 419
669 135
997 266
907 542
363 259
740 108
7 689
692 463
655 197
368 331
522 778
319 752
268 582
877 70
135 492
860 820
425 37
546 185
389 898
449 191
450 656
70 713
622 874
715 132
844 480
248 751
874 879
1000 574
88 920
587 78
899 858
458 54
956 793
663 927
445 284
487 129
161 845
1 656
457 502
792 857
137 567
117 388
598 445
32 990
948 548
914 404
316 414
305 907
947 356
568 623
823 85
753 533
22 104
704 127
478 638
656 242
729 476
953 848
534 247
404 920
745 534
357 445
288 901
698 900
976 750
727 627
818 301
762 54
909 962
524 257
294 671
935 582
537 435
210 189
357 186
84 614
750 579
971 946
556 264
647 227
487 952
216 800
894 333
660 141
309 473
475 961
224 591
354 754
337 992
854 719
877 748
200 424
347 267
594 264
632 427
774 49
194 154
968 941
643 963
509 531
208 994
940 435
754 719
397 935
882 926
932 182
647 564
75 483
94 413
322 774
796 385
674 997
281 679
715 211
273 964
271 337
863 491
698 641
407 145
857 6
696 132
810 372
204 939
499 781
354 24
101 675
374 95
601 9
729 124
121 221
900 389
98 21
649 899
636 533
303 838
79 737
438 555
420 226
154 402
69 261
453 102
750 414
844 633
370 772
791 66
405 259
799 439
197 97
788 964
805 866
473 713
202 265
922 14
390 744
227 714
213 663
948 862
533 616
508 143
371 259
889 834
438 151
813 57
409 915
20 883
383 569
556 349
868 607
187 509
79 272
483 699
84 838
339 447
547 98
824 733
715 808
99 875
465 117
30 223
743 224
972 636
935 328
646 773
941 695
745 78
342 332
417 123
57 460
519 158
148 475
337 972
855 6
712 272
364 547
591 568
708 868
380 213
521 351
869 311
691 555
911 69
164 873
511 562
630 556
721 256
886 602
703 176
377 570
449 69
117 639
87 591
670 443
109 19
365 169
563 402
523 558
397 366
623 478
551 333
60 424
758 307
155 388
602 295
13 916
75 237
648 3
614 850
333 813
250 125
770 31
70 928
198 245
623 700
467 519
580 981
908 860
984 10
503 754
787 553
101 839
377 231
474 843
120 831
987 667
550 715
465 661
413 621
842 285
112 562
594 874
558 49
562 140
452 237
308 314
529 989
569 856
2 887
929 740
980 498
250 787
253 176
441 318
24 338
978 239
172 58
922 570
181 260
239 242
24 449
720 661
64 962
662 360
56 978
937 975
699 824
43 188
962 394
681 288
470 157
381 462
932 930
276 846
831 188
119 653
637 253
68 680
894 532
955 624
902 153
891 382
547 602
909 299
398 456
271 122
311 953
664 478
316 593
686 883
30 759
803 949
4 982
350 36
66 187
150 522
181 666
333 313
84 459
892 354
442 781
333 832
246 35
468 985
964 934
895 914
37 27
458 19
758 398
597 4
981 165
72 657
680 848
496 305
957 412
373 85
700 482
539 36
191 981
931 654
491 135
771 89
59 347
376 453
432 375
624 283
897 659
886 5
495 964
22 60
996 895
815 929
120 970
266 994
139 368
550 582
535 246
408 367
262 382
942 236
89 834
879 659
989 303
866 538
129 859
604 394
146 878
21 94
622 515
957 802
395 851
162 4
846 106
944 222
214 464
289 911
792 34
976 847
9 280
923 924
690 897
824 499
238 69
673 210
357 345
569 417
437 465
890 751
281 893
341 821
290 757
720 98
574 797
119 96
543 514
982 38
658 296
950 512
658 101
834 691
319 755
308 320
271 380
311 675
661 708
945 787
367 743
649 132
688 750
97 833
530 129
971 17
761 453
562 558
434 189
511 953
147 544
244 612
705 30
923 67
619 944
198 61
314 664
202 48
136 670
46 129
818 998
471 738
72 540
705 312
232 962
3 223
413 676
897 767
554 734
645 805
427 520
357 967
568 846
224 4
764 646
391 2
231 835
750 977
269 610
612 978
757 279
6 863
478 808
141 680
842 567
770 312
612 929
408 105
745 192
600 765
565 629
822 76
516 987
439 564
99 991
138 1
524 906
198 913
489 275
128 23
55 708
938 488
901 740
102 673
882 189
510 714
958 894
940 285
601 547
329 928
327 341
612 485
479 174
172 582
526 525
873 983
488 371
643 851
772 373
898 984
369 48
367 549
796 275
389 195
7 660
928 155
985 350
911 75
308 437
611 308
848 162
448 304
549 758
623 453
611 389
282 955
183 90
429 568
268 530
649 817
320 233
212 431
305 635
469 312
383 134
882 547
919 170
596 277
979 391
389 647
620 499
967 350
594 722
792 950
995 657
300 585
766 556
400 751
291 790
152 901
956 28
150 79
408 538
465 543
804 472
932 21
519 567
79 76
619 75
52 146
340 664
141 409
555 995
917 264
573 374
477 257
465 313
176 820
478 264
414 370
201 327
315 475
798 404
766 488
567 201
146 807
699 95
119 710
392 756
214 574
604 360
953 446
771 621
266 220
321 936
279 834
428 376
447 428
12 639
529 675
876 894
293 822
801 486
276 196
305 377
779 167
604 697
52 419
539 979
902 35
389 500
836 220
176 463
30 510
267 536
860 903
632 953
460 15
298 958
850 643
100 102
306 687
174 730
976 53
854 458
431 367
511 573
185 337
890 406
159 973
865 860
351 85
411 219
928 22
838 617
967 143
806 11
574 55
723 731
705 932
133 435
796 21
100 954
84 295
231 400
964 835
770 632
457 339
554 195
293 61
259 485
777 352
691 486
658 165
627 824
994 13
558 634
705 198
283 360
343 792
291 933
532 877
165 836
939 805
101 838
196 622
692 619
897 517
975 637
81 666
614 524
283 694
358 206
344 904
55 170
425 585
11 768
297 647
559 731
103 239
490 240
834 498
76 889
774 510
331 992
559 584
85 901
429 275
750 905
897 961
498 310
595 156
153 369
234 268
896 263
235 99
788 285
958 581
604 197
77 67
663 988
685 772
157 171
964 205
714 169
691 872
854 756
836 263
910 522
472 562
436 917
203 898
898 894
461 454
855 154
342 75
470 124
616 56
103 435
233 520
363 585
768 269
437 670
649 30
65 199
906 439
468 772
105 710
288 98
825 317
402 150
811 238
812 973
190 841
377 326
801 292
871 711
749 38
695 896
268 603
832 414
687 784
568 672
265 743
450 573
821 986
60 316
21 935
944 855
482 138
35 496
977 221
715 504
753 781
202 29
424 47
814 508
231 154
605 393
557 395
201 963
406 114
121 20
540 634
286 708
74 162
5 784
272 129
331 686
392 966
798 806
283 515
620 872
269 748
607 626
710 68
409 985
840 339
324 204
469 933
595 203
337 335
140 750
769 250
861 276
898 286
737 302
78 102
405 254
580 172
50 767
401 827
41 547
137 705
695 641
152 386
561 858
51 692
735 638
197 670
76 289
235 286
205 131
760 710
139 154
17 917
475 645
39 60
743 969
617 364
928 257
142 831
968 514
402 984
99 382
302 705
583 720
341 165
14 245
566 422
554 470
937 486
522 776
136 67
895 595
713 931
788 355
471 517
307 11
236 227
952 852
610 944
864 408
478 32
960 303
688 894
782 24
160 295
752 129
182 804
455 272
278 267
406 316
300 727
248 608
496 932
307 297
165 907
62 541
871 281
490 372
145 343
791 452
926 833
710 40
141 227
269 814
168 159
408 430
207 38
245 415
784 57
692 722
435 683
294 931
611 514
906 612
266 903
874 176
207 582
658 689
958 394
166 920
492 20
413 965
898 371
628 502
370 418
224 260
280 902
504 356
16 896
438 427
668 972
334 232
409 727
360 355
802 134
870 61
399 308
531 180
205 69
134 67
318 700
176 341
30 112
896 126
932 916
115 360
225 760
466 514
532 65
242 93
225 873
781 798
216 576
398 278
47 565
748 742
950 626
311 992
99 410
800 855
928 156
412 101
116 787
321 37
873 847
861 675
329 530
717 959
701 282
260 192
832 271
892 427
960 372
661 840
576 940
189 87
360 751
247 961
654 3
700 325
615 602
434 49
929 337
221 343
819 414
306 247
842 5
919 177
946 39
288 709
453 245
36 35
240 718
996 929
631 562
615 905
746 712
728 851
488 728
430 799
916 819
552 1
457 835
409 992
376 109
582 237
733 79
897 851
220 38
721 527
888 8
680 43
802 968
909 996
234 134
128 177
280 994
519 187
871 854
489 492
491 650
917 90
848 813
353 621
410 668
394 57
315 335
931 274
419 582
771 765
760 800
101 40
308 931
592 681
886 447
205 250
923 209
428 415
472 599
845 42
105 463
712 353
416 174
34 853
588 268
932 878
256 455
540 278
669 77
617 292
626 42
772 362
578 393
744 929
63 339
963 705
820 126
824 121
430 122
42 218
299 569
981 941
564 123
639 641
145 211
881 201
761 531
652 742
623 585
735 3
627 906
28 319
13 173
477 928
179 810
52 548
187 759
259 130
26 187
525 163
249 50
658 836
128 711
364 421
376 456
499 694
231 697
796 986
638 391
909 213
692 539
771 140
575 878
141 444
605 247
823 160
516 600
40 273
22 30
905 967
945 18
448 534
432 427
608 820
828 713
595 46
63 588
528 149
859 741
913 720
461 897
577 888
933 567
710 572
785 651
381 234
537 26
940 49
372 403
60 225
103 605
200 260
521 526
265 420
473 38
915 59
380 21
825 896
590 128
539 958
314 391
462 567
621 534
664 377
189 618
906 338
963 927
640 426
700 858
133 99
86 77
739 821
445 162
377 724
714 765
877 95
324 865
40 516
423 623
635 85
412 476
506 35
930 641
383 985
994 460
922 529
173 745
411 28
658 119
203 350
619 982
395 512
947 111
785 120
127 247
588 843
862 126
536 726
296 91
874 552
502 377
766 538
288 559
400 41
933 401
330 166
663 232
781 93
505 436
715 729
524 769
174 126
892 919
969 86
897 657
812 957
480 101
173 841
750 840
645 848
405 27
667 952
762 502
970 731
936 967
352 158
171 690
738 582
158 844
552 759
930 656
590 851
775 967
923 880
584 168
830 132
128 158
93 570
684 387
432 772
34 72
306 805
6 34
7 895
580 67
180 337
362 604
805 693
521 443
411 527
494 160
554 324
354 446
320 626
692 458
17 694
65 468
769 583
184 225
829 719
481 545
569 242
751 734
950 800
908 965
618 234
239 956
169 446
135 657
711 16
156 684
840 805
409 618
990 47
793 625
889 472
212 107
731 849
383 450
229 515
799 476
529 232
415 455
110 933
715 709
454 363
844 935
594 526
866 875
760 474
689 994
603 868
257 560
337 392
64 320
746 868
728 743
234 16
896 563
497 706
759 585
879 689
516 679
978 34
615 219
943 672
983 855
361 60
954 75
483 529
101 162
158 59
909 673
272 776
200 205
555 581
918 593
388 548
938 470
519 183
377 848
871 608
787 263
937 662
938 377
849 66
638 708
570 876
111 332
591 726
668 433
891 312
216 496
806 259
223 151
498 914
118 491
392 123
602 44
906 228
221 914
77 590
117 478
703 238
818 580
601 876
854 142
411 440
832 16
291 732
437 582
649 166
490 548
787 816
476 631
113 267
334 845
830 886
194 239
446 804
714 791
252 954
515 730
18 798
4 349
575 518
209 905
840 833
749 271
662 654
61 269
852 232
487 55
400 113
93 156
330 254
701 989
760 391
705 282
729 396
947 325
453 244
970 942
698 564
365 953
458 597
796 661
563 642
214 850
585 94
111 718
694 766
224 34
941 1
90 599
75 362
917 488
79 285
870 56
817 140
836 248
216 993
987 380
493 437
914 970
572 658
101 198
253 395
882 509
982 894
391 663
809 497
318 194
458 836
385 474
902 33
788 599
601 652
622 378
273 601
492 619
419 679
919 806
209 271
640 463
324 616
147 49
419 820
540 680
333 742
155 714
228 396
964 536
136 141
744 930
191 361
708 517
378 352
749 175
930 523
952 47
650 414
66 197
485 797
87 569
127 508
843 903
113 166
386 732
813 803
351 228
782 38
930 749
95 227
910 138
804 649
610 232
740 635
661 678
784 725
416 585
364 279
455 616
614 691
196 616
434 933
432 27
934 11
685 412
463 570
176 756
511 294
248 230
780 71
589 721
440 824
352 4
63 766
62 903
34 464
179 745
589 674
619 663
574 7
906 652
980 509
709 217
803 28
755 823
628 47
746 94
785 650
788 287
385 260
189 790
834 557
98 225
157 312
451 7
90 845
876 860
27 554
93 582
885 730
135 353
466 568
665 9
987 376
20 231
522 161
707 103
967 553
143 155
570 181
399 13
939 8
958 820
815 661
292 590
175 306
52 167
475 552
460 188
134 453
851 821
522 431
289 300
327 428
534 826
616 73
63 374
122 798
749 147
824 22
539 509
869 522
982 507
472 112
623 511
334 794
664 847
338 681
710 620
895 927
735 102
244 515
904 908
99 698
853 503
770 973
682 257
499 631
299 851
136 306
486 851
892 690
89 651
787 582
476 349
61 309
945 450
729 347
250 176
164 34
560 743
558 886
391 373
586 71
325 497
54 721
129 270
645 718
405 425
63 653
126 231
957 605
157 585
513 465
306 625
895 305
951 99
336 756
428 28
211 724
874 124
586 904
237 684
474 366
736 117
725 987
997 882
391 825
837 281
909 700
713 267
785 886
751 327
309 336
447 787
646 817
45 438
360 408
768 943
785 775
169 694
268 390
794 639
432 916
807 215
579 396
941 525
673 215
211 784
6 333
101 881
837 861
750 86
623 204
289 34
554 325
699 660
706 136
137 131
195 661
238 789
639 241
389 893
599 292
857 189
450 893
554 103
187 341
99 94
999 755
303 72
397 435
61 6
133 393
35 695
291 513
37 109
238 742
80 512
961 137
784 654
109 907
629 372
829 114
176 606
193 464
156 732
412 630
567 546
740 898
482 910
853 749
156 627
515 115
583 308
714 37
568 888
79 117
262 813
547 415
692 732
287 152
861 35
224 168
819 723
2 907
258 289
832 838
82 93
378 574
374 989
700 202
50 959
587 564
785 560
628 496
281 369
98 638
837 364
77 295
150 605
784 391
15 593
72 441
257 281
409 582
983 180
642 620
147 310
955 479
480 573
9 313
734 885
128 409
699 978
996 176
506 676
927 546
475 739
595 658
172 577
446 32
329 822
271 191
94 502
556 735
981 806
818 371
514 987
330 680
85 66
804 944
546 531
703 382
155 444
374 32
730 312
308 726
446 985
459 866
959 593
490 692
930 825
387 110
339 809
480 406
115 718
954 316
783 239
135 517
344 768
897 574
771 5
754 759
832 21
853 641
508 662
700 20
116 339
513 272
319 483
344 606
864 277
519 577
172 300
580 433
453 429
676 108
434 627
721 525
131 529
261 738
371 557
354 244
410 619
953 451
385 319
940 79
408 72
871 929
893 105
140 519
822 47
54 197
112 982
332 799
208 277
171 411
190 389
724 709
633 638
640 162
346 143
863 998
918 749
337 231
485 344
342 435
475 862
9 166
526 637
48 652
760 919
236 834
916 373
223 357
916 940
71 906
146 392
610 677
772 340
313 393
670 335
324 783
844 70
721 405
243 889
192 741
527 115
894 486
507 828
162 39
980 707
868 467
763 239
47 158
985 89
70 789
530 964
239 973
813 947
557 969
796 135
88 84
382 922
511 114
972 448
278 305
830 994
635 262
126 415
645 567
23 103
119 125
508 843
270 604
508 255
940 600
478 427
303 580
415 414
810 680
44 436
283 568
282 179
896 589
834 484
420 375
426 756
33 958
343 345
895 284
666 154
724 916
340 925
149 550
551 741
186 272
301 459
659 700
508 382
897 119
595 948
320 940
928 683
323 51
70 23
955 406
557 310
336 454
663 846
833 659
794 907
636 320
750 456
878 253
845 460
121 992
731 493
437 362
351 404
579 177
82 907
800 802
164 649
971 267
311 810
761 723
692 576
470 349
784 837
661 684
5 979
648 197
857 209
584 951
126 846
491 319
38 384
642 319
947 960
910 244
714 989
952 810
735 97
256 993
481 342
177 972
502 204
487 152
880 60
454 99
455 702
131 28
978 617
45 702
164 47
259 224
832 46
925 811
418 579
258 56
853 697
819 329
657 358
586 68
296 778
28 705
747 219
966 379
440 981
737 65
903 366
851 201
775 691
343 381
827 48
719 966
542 581
858 614
909 554
76 751
2 710
404 86
390 97
637 458
430 678
976 948
423 491
963 206
363 601
561 668
774 138
850 804
797 299
466 541
891 417
105 500
217 722
15 387
954 745
569 121
847 45
501 650
432 403
371 485
851 976
601 997
138 941
527 405
325 749
976 399
725 268
265 294
982 405
18 22
574 99
939 418
942 519
708 749
982 260
861 717
753 972
825 463
147 695
630 266
578 145
227 485
635 480
212 407
766 858
88 925
735 69
853 394
654 213
605 633
931 101
679 514
304 612
757 223
773 602
888 674
714 562
291 207
511 360
546 875
382 31
755 547
311 1
645 801
6 561
353 779
580 606
304 209
286 449
17 261
664 529
557 62
230 34
1 54
426 607
984 985
998 39
84 611
140 653
470 908
91 345
309 258
756 93
538 776
280 56
910 820
486 410
380 889
219 61
508 782
918 599
647 111
741 400
299 133
390 220
873 40
267 867
401 693
214 986
229 221
342 404
217 563
243 465
104 9
17 630
289 137
697 244
271 9
494 322
61 613
726 771
15 20
628 808
431 237
38 492
105 754
558 571
270 66
843 780
921 970
425 251
194 296
838 513
327 4
331 193
832 426
8 60
123 355
170 720
868 399
687 981
903 775
105 957
325 884
967 453
880 501
649 892
365 627
5 546
602 622
442 547
973 965
417 871
45 791
525 13
856 156
13 505
519 563
260 662
687 265
49 429
625 754
845 641
97 441
867 653
997 582
580 434
819 558
236 932
864 389
385 28
478 889
372 228
559 688
233 186
140 802
292 997
811 543
289 873
1 93
384 67
57 658
449 729
890 153
798 186
690 611
437 194
58 137
952 668
868 698
134 34
609 532
397 852
949 167
953 156
298 811
150 856
149 441
263 475
546 21
12 857
297 320
627 418
60 865
759 673
685 574
47 613
599 24
693 211
235 25
720 159
646 171
26 800
138 914
90 427
639 882
575 96
498 948
801 163
968 684
829 757
42 217
902 611
834 173
339 633
781 626
60 421
124 76
463 984
619 606
430 275
63 73
142 135
254 253
899 776
937 221
921 704
683 993
868 419
616 412
943 83
964 990
948 507
74 424
58 821
776 172
28 425
362 495
787 556
535 410
447 931
444 153
799 513
303 726
128 730
992 921
837 239
248 166
348 940
726 337
922 111
391 160
528 490
1 501
213 694
253 873
254 2
609 241
38 850
600 492
528 121
784 147
306 587
880 556
439 805
816 260
45 174
104 630
145 856
276 390
830 616
138 483
985 828
413 827
676 871
475 110
423 454
483 555
618 402
376 985
547 914
917 236
483 440
135 355
86 759
87 42
551 859
823 662
149 451
298 783
100 439
104 50
46 821
471 512
609 927
276 826
117 852
150 983
834 892
506 733
751 993
130 887
173 947
817 763
911 17
13 582
881 392
651 119
220 798
683 158
332 448
238 798
564 171
88 868
160 49
824 24
881 25
631 109
83 939
924 51
109 131
520 384
387 139
722 986
249 256
857 65
628 772
754 459
792 459
120 531
402 455
773 724
188 84
207 296
120 642
504 801
467 151
175 334
640 823
538 462
667 238
528 296
801 868
126 267
589 913
201 80
410 236
213 729
483 907
421 829
900 926
444 626
250 705
452 5
277 802
721 596
371 111
180 911
71 962
902 306
233 587
492 888
437 137
76 639
920 237
684 126
669 462
372 498
169 692
920 28
974 467
280 251
779 227
642 187
513 915
641 198
589 136
834 721
636 357
824 359
218 58
860 637
385 689
668 424
627 267
789 536
117 985
561 649
706 699
53 285
222 380
888 232
227 6
726 60
662 730
628 160
855 920
274 429
972 212
783 220
52 842
300 753
925 635
654 43
378 120
651 403
364 187
866 144
28 339
531 324
520 11
635 336
691 448
491 56
643 327
991 383
444 210
185 965
325 177
417 161
645 526
334 641
773 655
338 316
49 311
931 849
552 154
697 855
614 456
582 106
286 439
681 331
496 911
461 659
67 548
729 599
822 692
399 749
590 656
701 521
478 642
543 250
380 660
233 110
505 913
782 856
686 385
194 579
447 439
693 427
972 598
681 775
242 887
617 897
300 347
85 667
567 311
24 173
544 932
67 241
30 391
769 277
440 413
829 925
306 928
613 38
394 498
345 352
924 583
330 196
319 828
786 963
769 567
844 205
906 504
798 682
412 97
251 203
363 533
843 783
40 560
960 609
423 931
429 674
798 565
179 391
308 289
921 890
343 453
777 510
36 619
164 416
458 753
540 11
498 706
50 511
386 793
375 185
891 726
322 679
243 401
127 777
538 407
38 790
886 431
691 175
880 212
628 530
118 884
430 176
126 323
735 751
131 885
458 551
923 497
413 643
77 783
672 942
552 404
435 824
886 325
962 879
124 582
862 512
461 921
686 306
944 445
319 271
105 119
567 117
381 194
680 391
366 878
297 737
444 792
764 901
909 706
824 594
271 729
509 894
224 754
962 416
779 218
301 530
360 466
215 972
589 255
99 591
249 429
485 326
622 377
825 985
733 672
458 722
591 518
151 661
873 805
924 778
144 660
530 401
379 45
887 805
165 442
61 761
961 267
483 91
374 920
378 367
17 371
125 754
915 422
648 811
846 658
779 241
982 466
948 166
677 416
382 702
520 485
152 809
217 197
457 342
903 334
377 399
748 138
711 22
678 165
520 195
597 987
190 515
162 852
805 46
553 29
365 743
899 590
829 184
832 196
597 844
141 214
753 582
311 170
939 937
232 799
766 732
89 590
219 523
989 35
597 686
219 952
76 999
239 437
443 176
706 886
358 45
110 578
148 347
223 993
922 270
110 557
185 986
572 706
314 62
820 708
751 300
884 195
744 438
318 745
889 563
713 509
552 573
37 955
727 132
397 887
498 100
190 310
946 912
391 517
364 637
287 785
705 607
996 74
891 372
937 636
25 683
138 951
714 662
750 40
473 60
420 541
682 200
464 713
427 479
216 346
640 716
324 877
878 332
43 655
852 623
339 532
869 539
657 911
929 738
951 869
588 97
611 448
543 480
558 697
804 601
249 240
670 730
196 937
839 193
737 667
19 580
493 517
169 471
971 721
303 772
235 82
53 877
496 646
539 58
443 897
184 615
746 618
429 174
782 722
767 432
70 160
36 16
596 40
524 829
597 721
185 683
336 969
281 120
500 116
363 970
323 725
533 938
291 51
370 552
666 77
867 708
373 403
230 4
124 543
126 117
30 92
992 628
684 345
794 297
814 812
266 206
31 450
713 191
624 21
190 550
444 849
263 239
621 835
968 75
272 578
898 394
24 35
8 1000
315 740
157 281
796 840
114 150
462 740
566 238
324 653
16 726
879 93
24 193
190 210
699 946
618 681
929 66
323 335
198 841
539 783
425 483
669 128
617 343
358 887
735 387
256 387
119 126
273 832
455 88
368 322
612 45
812 543
338 870
579 828
269 276
17 315
787 171
181 760
365 363
762 769
959 11
726 940
515 597
273 98
722 959
122 19
748 835
888 729
292 297
990 896
79 675
154 278
796 201
653 848
720 210
253 748
643 326
939 723
546 903
31 989
41 777
44 600
886 499
392 65
744 216
283 708
88 300
625 635
992 834
75 614
168 132
701 806
940 546
46 101
432 265
715 598
650 142
387 563
279 481
250 627
54 803
421 848
477 241
577 538
797 969
983 994
98 887
272 384
20 870
611 743
704 387
916 288
399 386
70 271
750 565
219 63
863 894
261 318
46 912
416 441
287 974
129 836
593 159
59 519
29 931
927 926
668 542
544 532
931 733
814 104
426 32
572 798
319 831
71 660
290 531
221 893
226 661
890 636
467 677
565 164
270 64
274 127
717 809
613 872
687 753
926 858
643 631
311 669
791 663
499 869
703 379
639 633
783 307
772 32
921 746
387 194
151 165
282 820
467 368
820 308
566 848
643 277
58 799
203 282
645 335
648 509
192 41
778 864
943 46
302 162
857 809
970 200
787 530
853 231
942 820
630 54
334 627
780 377
909 91
417 869
899 93
611 839
69 159
477 234
885 29
782 565
761 597
73 37
92 455
614 324
227 812
402 217
948 170
681 567
993 229
315 465
888 13
462 96
245 656
798 414
766 18
324 1
751 410
428 231
357 199
508 341
719 809
297 984
673 961
121 764
698 116
534 726
137 284
910 897
417 124
439 647
625 217
437 482
510 986
242 122
168 226
85 400
158 324
698 313
4 874
454 602
655 149
747 924
53 291
147 930
920 738
227 240
389 801
467 577
882 780
42 199
226 808
407 349
781 624
360 574
182 967
65 751
977 689
83 638
655 375
1000 750
352 541
593 609
109 985
839 220
308 548
754 564
39 916
45 599
706 691
122 442
322 648
329 252
629 297
56 982
176 537
357 106
729 323
842 34
607 358
148 836
187 379
834 608
46 50
231 82
13 283
732 981
440 845
496 633
120 949
600 383
619 45
602 789
509 221
770 41
261 690
416 457
230 25
185 616
936 976
33 556
253 73
716 807
55 503
628 43
96 140
774 387
850 29
620 695
518 206
197 898
560 138
264 599
281 479
31 271
750 749
676 752
163 927
682 629
719 690
647 433
135 349
910 925
911 460
288 584
935 506
259 877
376 697
716 747
493 158
111 275
964 489
587 542
102 406
220 873
252 526
924 879
892 155
105 575
640 350
255 629
739 824
463 664
783 85
623 394
694 864
701 492
223 120
479 386
299 536
691 298
798 626
929 737
804 971
553 717
184 296
518 637
260 133
531 258
643 476
550 445
952 654
112 137
648 437
305 790
378 836
109 564
93 175
511 224
791 175
745 768
781 88
277 265
801 964
248 151
908 93
965 924
344 618
399 794
291 165
702 277
324 187
417 527
14 923
76 900
131 733
188 922
745 435
899 307
361 442
767 870
590 805
59 943
836 173
939 152
358 345
450 906
78 104
758 670
279 787
67 505
837 261
748 102
238 370
755 900
704 582
924 655
899 371
177 762
641 171
938 511
738 829
887 221
711 742
510 990
732 259
860 456
498 137
320 681
200 515
38 999
481 858
338 939
355 865
468 576
674 247
554 321
155 694
284 466
982 57
532 376
331 73
784 171
43 861
528 827
820 51
507 776
696 957
551 445
165 194
649 141
998 902
783 222
950 805
57 570
277 873
39 638
118 221
688 884
473 938
537 861
294 648
248 614
890 29
636 521
201 784
662 743
40 146
867 295
732 171
195 490
554 935
573 137
226 276
321 520
585 843
801 774
280 863
769 973
861 142
718 553
81 740
944 550
592 168
126 180
788 927
899 286
258 394
779 756
942 160
546 729
174 447
767 181
241 879
862 667
828 287
244 86
375 764
803 75
849 505
978 31
580 383
871 808
575 348
201 398
55 456
244 372
427 956
57 537
177 661
883 87
849 319
800 848
977 258
949 832
988 746
214 566
595 952
620 589
146 766
301 840
152 254
765 361
622 210
752 361
695 514
95 822
794 881
851 768
247 411
599 230
240 459
826 590
612 115
378 329
930 480
380 431
113 44
829 750
388 500
826 975
865 698
41 424
613 760
190 779
619 631
781 476
692 201
787 823
950 769
476 588
312 661
630 277
135 687
207 460
463 886
943 440
265 545
801 599
843 252
827 723
813 988
430 97
984 54
472 330
491 38
678 270
24 787
296 24
541 542
546 936
605 459
753 600
48 740
338 286
799 447
502 469
426 337
420 215
562 335
576 773
790 1
222 583
45 54
759 634
625 832
555 873
728 631
716 828
101 616
310 85
148 304
370 448
371 41
524 187
929 461
968 53
107 547
953 455
205 402
868 726
650 353
7 156
85 716
233 985
452 381
989 562
977 458
280 134
45 506
873 9
121 876
247 535
747 736
272 794
739 720
704 829
815 783
989 669
88 621
216 546
967 977
916 369
170 127
262 679
854 461
824 144
273 894
968 867
735 474
555 96
373 517
370 104
587 339
643 709
401 210
445 9
108 991
839 441
108 325
939 495
282 998
304 882
505 215
583 948
880 389
698 369
648 11
441 468
706 257
653 774
160 357
35 627
324 521
420 191
866 91
669 572
601 414
490 295
199 545
169 266
903 723
559 29
597 842
359 11
948 740
552 197
847 278
758 247
830 704
362 140
880 833
738 355
857 574
267 403
692 656
823 190
989 82
980 234
580 401
107 737
646 556
224 963
983 933
859 763
825 575
93 703
138 494
368 781
600 700
909 740
785 798
258 388
126 195
464 143
745 18
746 381
732 312
833 354
720 336
629 672
67 203
93 64
878 129
935 74
795 735
797 101
708 832
213 366
616 63
967 842
828 574
886 958
545 214
359 538
821 769
570 515
330 748
131 469
412 117
1000 700
658 478
442 789
98 243
151 895
230 924
526 153
936 339
130 694
238 719
403 630
151 236
870 716
84 177
927 190
75 798
792 478
386 991
773 721
83 379
269 946
974 713
296 976
281 177
671 555
50 35
309 886
625 605
255 238
573 213
496 535
634 485
482 598
398 221
214 957
487 459
715 684
827 854
506 22
690 482
286 489
775 799
79 178
253 251
969 186
718 287
556 398
250 831
896 331
873 501
758 264
627 208
433 574
384 155
996 443
879 494
977 18
104 898
466 537
267 968
55 617
556 978
594 285
66 322
301 745
858 166
489 601
54 419
293 553
669 158
156 375
85 343
825 128
620 664
105 538
713 987
237 13
772 296
283 28
545 993
910 442
714 539
364 912
113 144
442 838
761 604
479 481
717 712
933 204
441 207
403 549
251 511
273 241
916 877
791 851
739 386
84 213
1 751
883 847
355 16
463 179
787 617
93 178
365 685
539 24
888 678
118 879
29 779
776 581
27 733
466 407
253 957
549 368
698 538
93 84
221 159
478 758
46 474
414 286
931 944
73 408
789 306
332 643
287 599
496 785
978 397
404 436
926 757
776 373
471 200
718 379
112 217
884 103
802 38
922 324
742 77
248 452
822 173
655 767
2 601
918 619
423 395
780 584
342 313
788 67
310 795
648 758
495 277
635 614
926 177
949 240
806 603
73 933
77 917
812 328
778 456
545 451
640 505
684 777
517 813
787 272
225 979
7 639
878 259
103 982
275 826
915 30
66 72
692 436
985 422
458 494
540 864
778 701
374 138
627 518
161 778
888 774
601 231
503 451
370 801
346 522
455 348
360 349
481 289
965 543
674 732
308 578
572 407
700 348
166 352
424 95
244 576
185 428
197 310
37 157
649 539
444 241
410 1
800 409
529 61
257 914
884 647
496 704
996 985
154 10
469 659
738 348
581 242
56 154
40 316
837 41
766 385
994 608
771 951
663 381
10 431
309 753
76 732
901 925
404 155
133 547
371 40
867 879
330 392
196 69
515 459
248 874
357 950
271 730
663 944
940 219
615 961
290 480
110 225
129 934
243 256
142 732
470 249
838 906
890 391
586 217
734 997
626 210
904 346
924 773
1000 419
194 102
436 223
80 129
578 384
69 795
643 708
570 620
717 971
648 814
460 372
597 277
303 158
251 345
144 637
633 609
869 609
265 755
250 19
657 817
711 130
507 928
291 591
311 528
312 690
131 150
919 337
478 227
78 985
655 331
515 828
753 793
636 405
134 942
154 854
306 3
514 508
844 519
649 567
199 85
951 710
75 595
774 837
34 856
656 164
966 385
898 97
258 448
980 293
975 382
608 860
382 91
202 677
59 20
555 654
7 332
173 100
638 360
16 944
332 715
349 675
975 403
776 891
979 852
301 192
141 663
716 801
989 371
42 944
106 875
558 280
717 329
681 819
479 554
820 630
233 948
943 699
949 790
860 375
660 520
183 450
441 39
465 217
671 313
219 406
699 928
186 725
439 741
137 399
67 202
820 916
234 697
143 225
699 529
630 871
243 990
669 185
963 900
216 575
877 822
579 600
185 260
209 510
247 66
181 880
406 607
372 973
122 792
877 794
88 495
471 907
458 294
890 293
322 345
17 493
880 339
619 574
50 367
307 420
182 848
781 322
967 393
183 702
41 129
898 635
687 126
815 53
339 996
545 529
803 352
556 131
559 48
136 634
965 777
253 551
272 106
990 340
233 459
510 57
511 448
600 349
563 851
864 466
850 221
906 731
841 405
547 199
789 142
884 2
941 67
266 410
90 521
36 471
497 569
140 440
206 931
813 137
172 814
110 447
774 252
902 449
945 746
12 575
108 804
163 622
91 30
988 768
802 85
262 947
357 546
859 21
940 306
228 108
653 690
453 957
699 573
281 836
726 342
375 124
819 239
925 642
266 647
811 129
795 555
446 409
301 644
566 446
952 126
113 6
496 138
668 330
706 53
28 41
29 256
416 971
122 752
78 887
336 874
715 288
602 373
553 303
865 525
97 635
630 271
685 458
213 837
89 463
437 781
492 418
857 978
841 501
516 219
519 804
832 144
280 407
792 210
634 407
798 967
429 143
657 436
549 238
407 278
329 11
166 694
614 460
980 238
440 775
365 974
370 760
262 448
90 715
37 572
646 602
444 530
84 761
788 767
241 766
779 337
976 631
724 969
284 942
304 52
582 78
456 207
990 560
422 996
409 735
180 542
381 171
8 903
744 497
623 248
673 939
266 451
95 530
902 60
371 794
834 670
102 606
289 19
476 958
460 28
139 144
336 904
750 389
826 477
440 16
406 805
869 281
161 330
894 932
199 278
114 490
521 186
207 827
924 849
7 655
180 193
477 513
615 561
339 608
889 887
285 922
970 386
255 668
860 786
294 74
761 639
194 340
593 634
948 404
231 500
947 63
506 213
814 461
822 808
810 800
611 251
888 596
429 866
306 239
292 46
240 887
519 921
791 84
371 495
323 624
913 814
273 399
628 653
130 48
991 637
745 623
432 296
269 731
917 287
392 76
956 379
478 723
245 748
214 853
324 253
54 770
970 651
352 238
794 509
771 971
323 831
860 78
733 248
609 458
628 466
441 296
349 715
444 677
513 140
509 905
864 248
93 714
499 143
816 123
34 136
508 199
916 174
438 318
779 222
873 15
512 499
822 208
369 280
902 24
650 65
140 682
195 420
363 838
4 710
703 964
375 183
142 844
995 282
885 914
544 674
82 929
963 824
857 477
665 934
752 404
678 876
899 593
578 48
31 309
47 823
817 956
503 305
655 436
605 873
532 417
248 706
305 608
810 350
61 72
536 659
913 97
438 658
728 214
155 188
141 65
783 566
697 945
666 288
877 629
709 654
710 217
396 17
24 992
672 736
533 89
988 330
1 496
917 706
420 494
774 725
281 96
269 767
533 914
609 244
383 737
19 1000
719 123
991 998
461 855
519 90
154 769
267 482
750 807
490 249
182 211
737 168
940 779
764 711
619 557
9 611
281 307
584 180
561 474
180 551
328 696
950 71
716 512
862 770
276 225
3 875
745 16
837 576
642 558
115 296
337 806
910 531
436 926
369 405
81 281
726 558
87 263
274 160
351 402
797 20
873 918
756 965
351 35
656 698
213 78
714 741
622 912
811 361
777 425
852 619
583 773
813 768
474 820
47 184
606 329
44 850
88 312
965 726
622 207
487 150
568 256
142 279
1 641
824 258
192 693
577 502
808 903
247 566
468 193
532 778
442 484
630 125
634 112
528 301
247 679
897 632
292 102
130 73
573 211
442 343
79 926
596 52
634 483
192 306
480 125
832 962
318 845
120 980
999 110
344 540
272 265
591 96
164 853
634 709
211 364
339 291
68 163
72 166
516 715
646 526
760 19
391 929
585 488
513 666
733 457
393 222
600 747
655 741
712 997
470 981
589 417
864 160
310 365
647 1
974 822
185 212
573 889
647 406
643 698
817 431
450 176
214 345
503 202
474 58
20 130
683 322
594 283
371 686
416 383
34 802
18 479
950 764
94 626
846 957
389 68
178 665
414 553
308 52
237 122
259 616
631 302
262 621
229 534
583 715
485 636
734 589
56 52
413 414
536 894
847 886
520 557
223 200
598 12
122 829
553 669
826 651
791 655
403 694
875 863
371 95
777 453
97 674
108 399
825 465
240 31
442 823
4 210
856 505
909 337
630 191
957 69
406 309
562 695
382 980
74 493
943 135
764 266
72 518
439 420
743 842
212 226
359 77
624 162
400 924
516 506
221 108
774 770
296 861
49 443
258 393
275 559
426 807
337 384
597 610
434 276
361 266
400 698
336 568
7 407
270 895
782 302
906 847
376 824
642 837
201 123
663 767
208 401
444 881
232 279
489 392
825 742
571 74
972 595
609 655
650 475
500 520
24 383
876 931
987 352
792 8
204 907
333 408
119 395
569 346
25 866
806 601
479 771
483 324
926 198
341 878
217 816
513 867
167 230
423 888
150 912
856 921
450 950
893 386
557 996
977 943
248 969
119 94
263 800
638 889
4 912
354 205
136 104
967 157
142 173
921 750
170 730
985 247
568 329
145 8
666 602
619 807
710 242
732 606
295 888
68 983
279 291
546 790
448 869
549 129
879 910
240 711
666 495
558 177
870 839
818 226
395 191
197 231
89 998
366 369
776 754
228 643
373 67
675 452
452 971
474 527
607 701
689 224
48 232
853 478
938 641
625 982
737 252
920 268
224 937
958 708
116 239
742 111
245 525
628 66
646 865
217 495
243 228
39 839
580 237
272 782
94 921
898 590
2 571
962 445
634 846
360 471
767 750
660 180
494 6
439 643
636 315
817 503
376 673
454 656
988 632
82 527
692 372
432 546
809 560
973 381
501 588
872 80
891 220
618 636
268 803
411 475
397 641
381 754
756 110
358 966
392 31
545 207
910 449
952 55
920 533
668 179
66 221
661 770
668 34
504 557
161 544
678 79
633 720
830 794
942 688
50 472
398 934
61 407
5 512
390 790
501 49
532 887
662 674
739 301
509 503
326 215
53 901
738 143
983 723
340 343
567 912
228 499
954 471
184 827
11 709
386 139
150 208
500 29
211 482
818 134
286 496
253 867
325 406
476 6
226 428
706 883
546 540
49 92
747 133
894 244
822 369
885 287
101 256
728 854
732 102
509 59
202 901
993 886
561 618
879 358
556 203
246 801
245 914
203 887
886 616
638 987
875 519
876 852
56 989
20 120
224 659
243 369
263 420
655 934
267 929
15 263
256 158
858 231
114 254
920 949
703 874
265 192
103 826
507 405
903 289
105 537
886 659
704 907
778 398
64 686
330 521
4 842
852 662
707 397
481 519
126 919
592 790
346 831
443 200
27 360
156 12
303 207
235 525
949 377
792 572
223 100
8 107
193 49
619 435
189 361
954 267
819 533
338 869
616 367
69 543
160 277
957 32
948 421
786 456
574 315
870 594
669 541
709 720
753 660
112 284
476 341
369 643
926 851
191 990
527 528
927 60
115 572
858 988
486 949
692 704
842 213
733 117
666 39
44 407
597 589
33 994
351 606
900 905
416 461
901 817
339 290
23 425
598 126
222 685
116 176
23 580
232 429
653 461
484 522
596 577
570 285
500 646
237 565
695 74
328 908
877 613
536 387
468 956
498 641
284 665
33 415
331 169
592 874
864 911
242 47
891 422
271 50
230 424
76 170
518 17
195 867
234 810
95 879
714 177
959 246
670 383
644 350
520 324
242 352
207 726
338 867
688 522
937 54
877 58
938 974
501 294
265 696
229 759
184 456
347 788
810 132
459 894
460 525
354 8
652 543
331 312
369 589
469 566
640 890
681 2
205 836
277 599
615 697
14 686
951 667
398 521
229 69
26 248
245 500
24 985
231 918
16 77
341 707
154 334
63 681
83 231
102 129
927 432
609 51
22 326
813 457
962 773
283 918
340 621
20 867
662 150
385 186
187 242
261 519
23 616
46 699
837 340
202 989
336 359
284 991
821 343
149 291
150 708
815 902
119 533
284 590
102 717
508 44
146 619
21 345
360 11
397 954
114 6
461 307
639 68
671 384
125 902
241 137
298 80
320 568
645 3
503 9
215 757
915 35
40 679
959 234
14 223
859 398
593 350
916 391
740 411
501 393
28 15
835 425
350 166
209 742
446 661
123 376
765 937
951 936
238 539
350 49
482 217
728 225
144 818
349 125
516 42
644 999
113 403
810 267
398 268
706 680
981 354
508 968
142 460
844 542
757 779
114 831
425 696
870 538
357 701
304 519
526 374
767 486
970 68
496 707
980 157
767 119
315 246
600 360
585 244
129 334
90 685
326 549
372 227
524 32
241 873
538 231
376 15
154 973
484 784
600 565
820 750
858 601
716 398
550 871
537 4
449 612
335 175
380 916
115 903
495 453
794 524
102 745
988 714
320 870
906 213
800 560
871 703
712 284
953 22
293 541
540 562
78 497
611 593
941 589
929 13
68 719
731 409
455 249
316 577
982 10
877 925
40 643
203 241
705 663
354 383
281 947
764 438
892 227
624 577
17 373
358 50
181 650
649 120
906 722
375 324
288 192
843 958
852 362
131 266
180 216
596 606
762 834
209 706
818 752
636 879
855 719
196 678
218 560
554 182
331 371
867 133
939 624
674 767
930 853
454 127
862 136
991 300
867 274
481 435
524 561
263 832
123 610
92 370
60 113
275 4
245 59
339 954
359 7
991 223
680 926
652 220
211 116
527 684
568 563
102 254
659 832
451 434
383 739
791 344
872 836
785 615
509 73
127 750
510 226
58 483
287 894
897 990
304 858
229 427
286 34
181 264
510 476
883 98
647 821
360 421
563 262
95 187
104 938
11 342
87 35
845 115
630 971
538 621
722 510
371 724
172 995
472 573
881 679
731 588
756 545
350 65
856 931
433 950
927 738
551 182
269 234
807 8
282 693
265 417
854 493
503 241
514 1000
986 221
120 316
351 45
902 951
155 350
178 981
769 994
240 358
901 229
251 358
757 560
973 723
833 64
196 768
982 355
584 782
553 321
807 588
991 499
973 676
649 886
227 350
891 807
140 383
776 335
596 336
190 545
801 652
603 371
90 802
272 109
457 39
594 544
963 145
740 870
475 391
844 772
412 723
634 336
179 607
399 662
845 578
577 560
780 243
226 100
968 403
1000 699
491 558
954 202
58 391
319 961
816 295
484 445
204 315
558 315
674 332
103 490
698 70
419 443
55 570
858 384
113 767
295 165
377 834
375 859
197 643
510 730
613 11
746 492
228 94
646 219
740 130
890 755
854 414
982 195
603 58
27 454
122 968
252 347
473 98
436 146
645 34
226 890
744 995
708 582
801 364
637 129
895 580
860 777
882 849
60 501
901 217
705 968
977 611
815 263
367 239
801 477
397 426
550 240
678 5
830 832
563 327
726 785
991 471
563 244
516 198
370 898
945 485
47 301
172 610
843 386
438 890
832 945
552 940
796 532
469 876
482 745
769 569
15 789
144 290
111 700
457 829
675 443
19 354
846 385
962 693
880 762
573 697
180 529
753 304
253 509
242 878
375 910
86 711
103 671
181 241
128 483
6 4
817 457
68 837
802 546
717 112
8 744
542 101
35 967
998 539
621 724
703 50
315 853
82 952
346 780
768 337
990 554
242 306
548 637
109 34
56 466
187 824
354 203
688 567
474 572
360 968
255 665
921 835
648 133
714 906
452 33
311 520
388 279
463 893
670 645
342 586
571 892
421 425
482 841
109 614
202 88
370 934
614 653
886 422
335 420
581 476
440 518
912 327
492 229
952 712
662 887
97 215
408 614
135 909
706 587
429 240
396 511
811 705
145 697
454 333
719 243
171 953
407 612
429 1
340 684
663 264
277 189
387 533
906 527
407 590
249 750
875 878
93 805
461 769
15 548
660 481
509 21
276 490
262 205
138 503
584 155
456 238
632 135
258 34
138 70
836 113
341 701
379 486
437 202
778 182
907 486
820 525
152 453
831 143
445 576
836 279
33 70
821 485
697 175
716 765
788 210
316 723
579 79
156 260
138 779
929 12
876 719
561 633
303 324
413 260
786 798
933 989
497 403
354 380
95 55
591 978
265 358
450 698
677 425
13 129
903 923
351 238
361 874
605 663
143 754
936 380
972 362
406 319
918 800
739 478
559 239
460 677
501 63
838 406
572 294
738 26
387 450
926 885
107 41
897 529
535 3
738 141
847 285
357 545
236 738
148 524
865 246
444 503
980 289
772 933
582 181
936 839
22 412
153 35
227 846
980 400
427 16
586 779
969 129
789 374
862 596
100 680
332 598
449 946
37 979
28 404
544 773
64 991
765 89
323 58
577 447
966 976
54 190
488 103
287 377
855 72
134 145
427 153
450 218
697 203
695 464
94 661
898 882
406 881
78 466
760 549
229 878
16 393
158 426
548 790
668 499
227 133
929 921
351 44
647 627
801 327
894 882
455 2
807 873
649 155
264 247
247 892
527 94
865 741
136 433
726 778
539 277
66 961
638 403
188 164
51 535
349 174
334 514
512 3
444 286
429 790
411 311
594 528
643 224
719 405
540 360
690 189
691 236
679 887
519 994
303 611
185 684
900 572
126 237
236 597
847 23
685 152
957 595
970 718
954 203
900 789
120 181
581 1000
653 459
432 209
784 262
125 444
452 156
612 946
317 259
172 19
708 493
751 329
737 427
685 971
872 750
121 702
674 444
125 158
916 97
534 656
404 445
613 185
669 375
542 255
379 287
476 868
704 890
467 944
655 821
694 947
590 282
497 121
668 416
963 868
724 783
431 698
898 924
731 448
833 400
227 161
778 307
385 939
282 569
235 747
471 939
594 818
612 187
999 741
922 168
450 738
568 449
246 725
22 574
26 437
784 617
40 777
442 677
95 301
212 699
173 595
544 169
946 213
231 349
895 778
456 601
809 91
234 139
597 924
891 691
110 961
644 803
446 827
822 610
309 853
550 701
12 274
883 624
814 6
67 927
33 787
529 886
9 780
845 660
679 1000
149 877
715 251
297 698
483 943
338 86
567 843
658 677
76 733
831 726
577 531
82 83
817 12
301 243
799 116
324 105
875 786
2 816
997 779
104 694
305 321
54 68
81 154
547 965
475 942
827 309
297 9
876 926
474 106
682 567
864 830
459 498
610 837
85 532
855 112
379 315
678 523
881 669
879 126
347 281
441 972
352 44
997 207
410 977
272 638
18 318
683 48
960 859
440 752
775 480
858 54
390 73
241 24
725 326
558 518
855 967
469 120
196 870
273 805
202 182
919 618
422 134
865 606
962 525
216 281
626 284
554 65
341 431
983 225
114 603
779 778
784 597
86 477
714 794
645 666
292 372
75 844
793 378
745 928
703 234
800 303
362 496
160 532
24 793
387 489
173 456
737 479
235 19
990 129
849 787
277 474
443 688
995 749
176 707
466 626
552 126
295 714
192 381
158 582
69 41
804 92
861 29
685 335
206 213
125 258
241 781
664 201
708 263
672 789
768 724
956 927
367 426
629 771
689 118
447 322
530 946
512 681
395 495
750 617
401 878
163 795
832 602
228 883
30 367
968 138
897 146
480 612
335 686
582 677
551 942
823 645
997 146
574 570
734 863
466 328
427 205
216 552
512 21
489 532
273 277
395 972
775 452
744 30
284 481
655 146
677 630
824 150
734 633
570 902
856 743
618 906
268 941
164 750
660 747
611 351
479 407
905 196
889 85
191 483
288 194
991 8
207 569
282 992
65 16
783 284
398 826
240 90
64 168
669 645
140 341
657 197
89 541
596 318
104 106
56 232
8 678
58 941
371 586
351 730
706 573
122 308
306 143
625 427
629 419
309 959
486 601
642 452
736 407
899 463
858 886
947 475
438 210
311 64
573 429
166 845
906 203
80 243
379 822
286 262
325 292
127 744
112 703
27 694
182 70
662 348
278 597
944 81
998 659
655 653
399 451
613 307
889 571
618 411
597 579
702 635
850 822
483 419
731 217
977 185
209 215
453 964
962 190
694 745
53 159
330 564
293 640
369 26
83 852
568 200
473 4
365 238
384 531
21 994
569 226
330 790
57 950
41 345
646 430
209 659
122 148
834 16
294 788
338 668
467 320
646 710
211 621
681 154
563 154
468 94
452 571
605 619
131 6
494 814
781 192
218 820
722 864
526 300
924 36
788 787
809 280
425 519
598 642
13 312
995 31
328 342
115 942
137 816
144 638
422 910
182 256
439 147
22 441
656 419
965 167
414 439
714 377
733 139
625 770
77 423
580 258
333 142
54 232
741 354
190 504
617 940
789 912
547 953
198 935
76 455
578 513
336 412
603 510
950 321
837 316
133 937
525 835
530 559
124 74
611 18
475 656
114 112
497 120
105 627
52 142
863 710
659 15
223 669
610 611
496 143
907 111
49 785
66 145
319 737
750 191
985 110
455 374
706 464
175 23
360 652
203 374
358 736
574 331
429 1000
342 671
109 896
900 295
581 486
1000 971
657 30
571 560
164 250
240 832
450 1
944 590
391 317
70 132
736 480
952 669
112 394
650 816
633 88
909 785
839 592
861 56
989 99
629 12
900 980
463 332
951 43
572 956
278 819
724 871
660 463
92 25
699 35
665 119
149 78
872 557
567 755
839 878
438 420
188 667
828 858
335 548
564 786
46 553
547 964
884 681
492 853
295 250
67 107
747 765
234 526
991 691
314 464
522 157